1,1733763612,503566987,1381817428,
0,1375762489,691000908,2005641283,
1860715661,1670538160,1040151155,1056617971,
513820856,2102970169,1926887389,265637258,
1007165928,678241899,302867776,1208754780,
96763266,1479066384,439357010,137176372,
1083714833,2098272045,1708433399,1681807259,
1545449127,754227675,129171796,437555736,
2118812954,922848487,1934429085,1842457169,
1778905319,2111610738,525050786,952797910,
1714334656,864100863,1268019643,72431621,
118152248,2105774679,610853909,2098480975,
1500494393,985545651,76350187,1442051715,
1856020017,100823885,1720921790,1365165116,
404708331,2147475534,1730182704,1002777705,
1047722595,543841784,1018086646,1196552895,
430821412,662215783,33397528,1656392769,
1152650470,1522615730,429725006,1638123734,
1705704206,1359588726,1133786692,1562561085,
380385130,1835566520,1064244336,1591661690,
2073625980,463856538,1819691708,1291743337,
1641780653,1820622055,42471375,440033312,
1656651790,1403408468,1327689283,513380209,
2078220089,564220908,1651202224,1878234032,
1254441564,1030793083,1160445944,1244960265,
75244103,2043587107,409129229,1334624376,
505405055,1624514355,1133754069,1005596276,
327810224,485356208,928001860,2058538684,
1894606782,621333755,131641537,522882162,
815647497,509485671,1781001986,1889499533,
2056468649,316706092,1181642616,1882018850,
1588860996,1817881514,322702899,205967931,
236104903,1103661656,1553155274,2138781205,
1577470940,1620728487,1599067104,155826854,
920387143,1057358583,1457765961,1631703844,
1043883519,2012072732,2121101869,1594975909,
52058806,1834024994,239461713,1694275906,
273433967,298988991,42912281,1782049904,
194850041,1733698927,1534710716,1024112336,
337464206,54581955,2079926544,1530275738,
1532871443,465193842,1638831949,213334604,
1146601110,317301667,1871649818,296328519,
1846708990,44194005,269505704,730657516,
538520711,1027748670,1997304356,1752854706,
839229628,485314354,1771980714,886181064,
1734002762,633591891,1884762205,12760129,
1693686359,563761048,293881518,11016542,
1166664967,323476066,1911409617,1893994324,
485600145,2131905129,1767829439,358031981,
224958826,1852850199,807438903,1048345667,
627103058,110627425,1429659339,36237464,
1351342835,1669116495,1986937812,1073292861,
1584592502,1093266556,1930028281,1120983360,
821845974,658342909,1188700278,1068789848,
968734253,686088818,1811817505,1125765619,
690156244,1861566019,801126540,1985916445,
1190084038,281142222,420489833,803302080,
1208818126,162847920,292435685,1053234397,
476718934,1478463184,202840543,182778227,
1966926620,659910896,2048301121,492680730,
1342396879,2006317969,457466469,2083490910,
937357706,1704109479,297399059,2100623339,
81060582,1925734162,601059226,228720829,
1234987536,384462370,1527329154,429501184,
206059115,2066563828,203672036,1926862580,
1935040570,1619186545,706074127,1967549555,
181966701,676975820,824420170,528921415,
799502303,966107489,1121638185,792824571,
723263661,2021678173,692677384,35097458,
961416627,1269211870,1735636945,1469459231,
331619186,1803502279,1889830360,1790805903,
1935204141,536390703,643498826,1997170037,
576681506,1411499541,1304451072,316465779,
43716395,945254535,52746331,236823382,
290908138,1456175450,1790520814,436280637,
1106814243,1047774016,1099851198,1622631056,
817667543,1107455537,586434740,1099302116,
382220600,1663123991,2076103736,1960550671,
7224870,1906290055,265371719,84249172,
838267675,1489251947,190199040,544839195,
660017901,162086735,332090230,688175834,
1340846354,1298533835,1896144259,1711859253,
1430712635,1348467756,241422221,2007570443,
14339853,453715905,1593699513,2088878463,
2074962736,1762825374,1089078224,1397915578,
1411807542,45061770,1214339934,1638176765,
1711639293,696315190,1592307702,244751023,
1302260830,421627490,1956162638,324097451,
1604313027,1858314338,1664803009,456697977,
1398714324,1892635860,1656975624,1994425637,
706501728,1891894832,488554152,231698102,
1188082152,68177244,342126347,332287783,
1269462187,652139136,685959843,2011603207,
1547713505,624364,1243830746,292674801,
716346231,271107030,466138764,1010906170,
2070806149,1911305492,300035351,1342840193,
1896945393,1173570792,1897290413,1966503303,
2098580229,604438174,765734406,1508051013,
1796239488,2015649519,546040330,603649907,
4306665,2044394120,1331923113,893785085,
1549247920,703516177,1071996068,326968511,
2000378497,905172510,511530207,315567584,
210196680,2044610700,1666014648,794479776,
329465246,979220537,147357144,1508495047,
941653828,1281872168,1723005937,122498835,
2075806777,664553358,1475380108,387480729,
124028105,1417877293,1182566810,264523475,
701250570,1808852511,1915703943,311861610,
1212425899,810787833,551306022,1855216982,
1102307098,231211740,1922554075,820772235,
1331974783,1506473446,94597969,1690337945,
1842933879,1521019119,2077148319,80193881,
735494074,6038000,319369427,851791215,
1494204761,1045619245,576580194,445930100,
907928408,1096389931,1205423804,1860509789,
333422694,1583138965,156737390,1661013030,
1596208196,1455434380,1164814923,59639297,
1540201120,1007101983,1147840114,1534612001,
598168203,1761920947,162305146,850855346,
668483907,1393297603,432006174,561887104,
415206260,1627931054,393375553,932671396,
227683315,691808850,1965413852,612986843,
2123428807,410933433,1072580680,654253400,
108641373,63648914,88915567,1368697174,
208874950,789171927,1018757259,1478075466,
543258233,1069307275,1022233495,342777397,
487837148,1768245646,1162903921,2069035484,
1530926217,763355278,1046118912,1099111662,
1641940819,1235303952,329747069,1518380642,
26164677,648372511,333644474,642059045,
1768760791,399109660,1936703146,1966993243,
958298510,795743082,784312266,1440243777,
1289360674,2101826433,1726336308,117263705,
1458685242,759014615,1132606208,1137374773,
618000077,1544410691,1263031438,139282260,
1707519197,1042406568,1052855846,1813110181,
756105750,1354770258,1065897825,850057422,
1051518090,2104777926,1217532192,133808902,
692176346,1964006578,1156808423,1614840273,
1020461522,1838993689,1392573378,1029464086,
1897744058,436305096,239661497,653746043,
146937336,1201837573,1136213954,487144178,
1270204387,846088020,1809991185,2104400446,
89280529,207783004,1844084120,655383645,
1777644782,1493321247,1408611643,2022492469,
1383853684,1063935284,1699203406,877645670,
452269520,1707237100,1501411593,629320560,
521164585,1550892188,1526572295,1250906062,
1934812413,228526742,1111082064,7882926,
2146873093,65635968,1412031736,1049129486,
912953978,1216988062,1311942871,164251055,
1182236789,1359543879,1344653239,1108556094,
1330638276,1579313861,477711902,2139398549,
1981291345,2016532518,1377902765,1005478678,
178433737,642337406,279259315,724672396,
168797082,1306340484,899096339,1323620260,
1870502188,1290108607,744285579,981568257,
1587237114,1933970156,36138209,279833667,
806087082,1565216777,1953641782,1284309690,
1897835347,1184561050,1396305186,1619818642,
1093071961,1754364330,1767984673,1343124411,
648593218,1081285546,125531463,302794860,
350482264,1827442097,11342600,310719057,
1828546871,179539843,582636594,981158586,
1825113753,1759151365,655218050,1213081254,
1022457734,831653803,89006887,133103227,
971173319,1161346787,1430958366,1246120887,
821797483,1410506365,2078714396,2057957632,
1182972905,74782968,1568612371,1640028531,
291147300,258216954,983448817,64863531,
846491979,1111618167,1245613034,1971621501,
932884580,1922306176,489501826,1824157040,
1297164179,796984546,1451508332,2016204682,
1650232190,2131257560,54673313,588076177,
711152552,6792565,275336532,1354982722,
323350782,2013636656,1628445656,1685053824,
1920912571,1129644679,591403088,410039300,
914097328,529115691,922427015,1443487529,
1600585857,1643336673,1597117103,1553952582,
1899994333,10335352,1337877128,1818685737,
1214221774,1959960184,972881934,430914434,
1438417988,278932618,1170623538,1436805062,
670795788,1446049101,1868871697,1176998639,
1719754900,1449938569,1890986258,1351619378,
235150303,1549366209,2023238517,1656370920,
1039720332,1450896010,1420207432,1098895068,
936612201,867171183,1616675403,2008712134,
2106320999,26245836,1541131028,744492070,
22550131,131500536,359917993,1696020492,
2044457727,140425894,46715631,545776533,
367429788,654634748,955367074,1317954105,
2100397564,223510841,527355316,480734357,
1742797653,250392079,845958595,1398871000,
2140339328,1133514135,927328827,1833738439,
663169492,2134358694,947693167,1156164873,
636501625,1096382728,113070725,692307409,
905673829,16029668,778125038,229640797,
1699788718,1896511380,836468638,1992592721,
171027633,1037079357,1875939863,550200327,
2038494213,64560269,1839162868,586401796,
385164898,448058539,443559254,688158128,
1543329494,361038838,1981562274,1071235074,
1839683197,1452556996,159895430,1119372857,
1559996889,368224377,1753726288,187745776,
99096581,291364909,1724751737,1916143937,
971573761,2124517896,1646360036,325860188,
1074929655,1167390465,724084060,695456128,
489985854,663599274,1044571359,570032275,
1371669334,1045908990,1297868198,1048591888,
2103108137,1849772730,557452879,1134001717,
1660512607,1483616280,1224816178,2048412318,
1083799132,71418738,1074738377,254073930,
11167373,424983874,1944544554,31112978,
960795675,1879378872,1524858257,2020133828,
1810743454,2130374196,245162727,305558157,
1271774176,791026602,160366276,1416942771,
1391987716,1609393938,1568142245,1712981507,
478680713,1283217852,1741274319,202631415,
112790651,975591452,704547472,1678052041,
869618086,1523313755,1174690878,635113703,
1108836077,883128446,1280251091,1792166745,
1317456757,1140743480,2075814100,1887524149,
1856957109,562516671,2128304656,1175870334,
1088528299,943748723,330115514,1021807429,
1260750973,1991076501,1375733408,1077819089,
1362440376,1474045689,1248421521,1260764352,
435491360,1104674900,1758107007,1907696457,
1876029069,1015545596,1722683409,891942383,
91019801,197773323,207396565,828731050,
807215459,923666098,916268220,285946950,
109526187,152161202,1830393629,1552592584,
1959927556,1451350634,1096061518,157019108,
2030498756,543074908,1203448951,924291047,
293881126,504235225,1423698226,553630095,
295474957,2022632521,1588765627,235208047,
920200686,820506615,1115344806,457817321,
801859244,1809027942,185810417,914753808,
1547844128,22784726,483482869,1815080018,
1569779560,1082825183,23651282,1106099724,
316442654,252603172,1871195087,254223667,
1336950523,1184946246,579906736,1850970939,
839591040,2026432348,585870707,1801743340,
1896999316,550345132,1754853460,2054804257,
2005299612,1899558785,757975736,1017607506,
307417487,638991297,1394026329,269903565,
776584191,1031345643,1359088652,1629639181,
342736375,255799558,1226639429,1078015440,
1677251909,843398096,1469799781,178345595,
1922198201,1423763075,1795938925,346990087,
694966700,1789836499,1688303300,266611280,
459902653,990640931,957110489,1692181122,
1821237621,1909873882,721178556,968465021,
630858447,1032009820,1676513070,790278227,
919731023,1160572391,1592256522,1933241229,
1865950241,1590280354,1195296282,1749451565,
1181927271,1318760823,1649778794,1703951538,
1241207368,1559481872,1393356240,1183143937,
1179735656,1936256296,1932208169,948371582,
369832675,1767120516,1816220054,1969361942,
1533584854,293010480,913213844,633236704,
1728484208,1337116043,599246434,1031474181,
492216734,1961247536,641895509,477901851,
319810071,1687672202,353944519,572943866,
1696117107,1500809749,1909092215,219032364,
999688792,2037501347,1120975792,865396295,
29574619,1810494347,1322540044,1919841768,
209214553,1978114066,1263844073,138941193,
488415131,1788171081,1667525170,168827913,
1694177300,1504712510,1085011472,9881726,
1945222182,970328444,621837317,1341483357,
405329267,1714884753,2044925507,1706623891,
2095912477,624215409,133280749,1499420868,
1202912605,1404488205,1744228288,1439983927,
1980032781,75052926,1511645434,945469560,
443253786,1629250894,1787119195,177515974,
1598886786,300801775,827877495,1203244467,
1708328030,151747313,767602338,2138711003,
805698857,775896175,1778086653,878974533,
221082869,794140359,1701470137,1390131814,
525477868,891957754,821262564,506940292,
1665658221,911611454,928378346,302890532,
1471560905,369760450,1015346935,2017455036,
869002309,1574500867,1705412536,231996727,
1342644359,753760892,1766323836,1922074435,
1672574814,1267756501,131888280,396554990,
483000163,1866197846,2128884456,113826606,
876500106,983278563,1648498606,219145856,
1601991820,1690050326,428349366,306393470,
1921627098,2012407519,1865171612,485994975,
1668363411,1727196714,2075995394,1703697873,
949613716,1504310162,592032300,749427657,
434701473,132887403,1456653351,855439765,
257056323,581597877,328211721,105305170,
1584002348,1034643705,1103689757,1814139118,
1915921979,393490901,1998177026,900111090,
74133621,551068342,1995316534,834485040,
1771935325,1954702822,1215186764,1093237243,
1495259209,305401768,1744881185,1123345129,
1222413064,689517096,1871023767,1454563673,
1850869401,1960667002,792228321,518547177,
1609780459,1134333881,2070105014,1260921518,
1899630362,2018338394,777033380,932699697,
775515335,1848762012,868679202,730693612,
520036798,1516161283,1863792494,26422023,
165851886,1732979082,1949082454,1373989565,
1674906685,1961918677,1184365300,919333028,
219128141,1573601767,962393494,1549402902,
1338064312,330697762,372917048,651661144,
1161308102,2128078198,167348331,1523550723,
663241844,1339251329,1162911558,1235104685,
1052842208,933075701,456474109,1147396870,
662272007,324347183,1748008996,1376016993,
1936974060,1200074148,760310007,624401443,
824292393,577311881,704455690,421660197,
1110717799,1296799384,1651768872,431970647,
2060517782,1464188620,112327533,190300978,
2010622589,523199854,412514780,1029003384,
1051111168,1187254892,818802310,1535479990,
304978810,1345796127,1030159217,822944250,
844472455,1960951396,1917912300,186911800,
228509164,2057759556,61235165,122649463,
14530030,920188540,1223228940,1769736340,
1798839503,678434203,1571764680,779303748,
1399549174,1759222549,1768309665,2132281386,
847019487,1062117434,48935246,114986694,
1808425754,1295582613,1277251877,464638712,
1953903753,136322689,1903656131,1961344984,
538351903,583923216,157701354,744243686,
566492308,2016162671,1863155357,7347254,
1379798146,1840305881,2082375573,716211098,
308284219,1095998239,933993899,540429054,
1628265625,1200096456,157882847,1226364293,
1355251086,632941663,707397755,1063757771,
690645907,656674654,1340423065,1473597494,
158317739,1688057387,1797543406,1257023151,
379161111,1687085009,1283966886,747871019,
1792244284,1226035091,713972189,81499541,
36557796,2050492204,691797653,744615595,
1381233804,781077662,733424530,1760055740,
695839670,612647166,1079153585,351373812,
2080201937,258871260,146714283,1627806341,
986818356,1436964572,1282939002,361025339,
163628149,848901756,1547144600,1566644047,
645526002,638126429,43852294,564949427,
1538255603,985189369,1928999498,1431375498,
827893883,62976813,1712988419,1101144204,
908869364,1046904107,997880953,865808105,
925136221,1908670368,1913931802,196256377,
2057286770,851348195,506246859,273311889,
1867043048,85549769,1465645892,319462418,
280795915,145146027,991763386,83102648,
1399189610,2043919630,425575340,176566389,
1014093253,607816287,1982805142,1893314107,
2137011181,789732767,227944340,1087488462,
671648967,676347090,226528666,837085876,
1047841043,1206272511,651941951,154304350,
1506996550,1593064328,1261210341,246874806,
180537048,376077928,1694394381,1724426126,
1829434854,459667549,2024766302,679785885,
803394615,535338976,859666256,878143618,
750301505,1062958278,321840149,1924896986,
1887689736,571489938,233119959,794409008,
1675792836,34404824,628171342,222841901,
1069335881,585197534,912206704,124061924,
144960382,1656242640,1005366020,1811197938,
1291846151,1346116852,1060970092,1018933355,
1629675326,1408564242,1731567652,1970171247,
1232643178,1677893255,1282688284,876815775,
252929270,690797890,1448319187,578997888,
1353673049,1155379416,348860563,804867271,
131929016,1389945395,35244662,271261088,
1088093947,1560011968,262539044,351780006,
2014222193,837351077,254284001,1656593479,
1129747640,927248520,1480717303,1046124243,
1636208778,408682862,118764512,1602551370,
230147405,951940268,1061001184,1500544559,
773269826,1305056920,183270873,545328822,
1497320978,427606277,1037940949,1053249898,
23529063,1241606891,1283969650,1219079712,
1992719817,1920253470,712427122,1179249224,
971687468,918686834,1438454723,651499709,
1985888330,617915541,312193502,1869161420,
1755077572,65083937,306425233,957557416,
1785935532,823843627,1445476898,1096609390,
194696271,1671380214,259768621,2052667456,
567259857,1043857262,1602501020,272949776,
1745335768,1684928916,588507960,991701759,
482245636,58261673,1080034394,1540228829,
289736590,1684393795,1538565266,304385016,
586596361,1371608632,926878214,2147180124,
559111754,893339406,954349958,477260973,
100455393,305384122,1258360621,499207413,
646472173,246671027,1233202406,1686043301,
877294821,665460313,663067599,863357024,
826583232,560366215,1736717311,1372343250,
667899701,1096630947,1218420046,731750213,
1243631942,69271995,257063292,825497904,
763141024,825058258,1192821471,1500349817,
416718489,1375237250,623696583,1262292967,
116676339,1099087736,634980377,137919035,
853979252,924903980,90980395,2039751819,
1113159341,160939926,556634589,48717603,
1635425083,66684111,561932568,1476191044,
1328470776,636329322,568707271,497622956,
142353972,1516020448,1563629315,1064586736,
1716479367,597820343,1879656373,1834956700,
1753695958,254807675,401904843,1216259746,
1278375844,1777564166,2090985855,185440273,
2066574751,1971740665,1119352987,534124461,
639814482,1977652406,277348337,1180355992,
325390167,80440258,1666446233,1386666192,
1893418270,2090259052,379309205,1872561985,
1167574449,1941728120,1855744853,1465775986,
2047982146,1941174297,486824142,1538567489,
473573923,1139447330,1673377282,1683414597,
348680891,88538075,1594113487,305116495,
1563928157,1203811109,25636412,760806646,
849605071,1281292028,1582683290,668926928,
965637075,552469484,2065759030,176684709,
1329034097,1268996171,1997776235,1100545921,
1567211821,357930916,897697399,353182394,
1742474481,1266377863,1366894167,1239679057,
1258358575,1176678525,1068243131,234753049,
1155135797,590291289,1939781311,1922460650,
951261442,1656578628,1350282773,1288234371,
1879385002,711938396,50201942,1339397361,
1030958582,1359710103,982875175,1471959853,
1510014969,250786512,1679314735,284721485,
1224028753,371205048,307844838,1786034603,
1213823131,785353444,1082079199,194148127,
815758523,623712945,984257042,568722295,
720407523,1104414091,363753150,501541611,
472916039,284802165,1232024869,1697688442,
952794586,1773385943,1919824717,1898125659,
588434843,2005237139,1550009808,88773752,
1283721580,691294643,1892920908,356271955,
494423956,1079501627,572267723,1350697960,
503440359,1965872268,1218279471,946093034,
1561147364,410172283,82601404,1006935385,
223601085,333872603,1803672741,1524299563,
1195953466,1324476053,1570767198,1434212246,
1241102496,1560446938,319068854,1065416023,
584285950,1667412586,44947064,964657851,
1007168592,1834802836,1821781710,2068160470,
568454352,1055474960,1307738231,1224791785,
664371607,1263389575,1825872225,2040125322,
1771119724,810098918,1366725626,1684759692,
1513642401,1168379036,2139008232,1200412816,
1309288441,1739330982,127190109,511398140,
373229752,1971956546,1912703776,1805055617,
1768413433,122612742,1919833949,1074021352,
937825374,1112332644,1471019820,1341466547,
1872242838,305218699,792580300,230319443,
1262725055,1321181217,952483748,948791101,
319230240,2128027899,36944616,2002625039,
1381734966,1780627756,1805134467,121061401,
1916987415,1192000599,1633303011,462174468,
271138064,1895742040,2136125588,1244504698,
162167819,63397357,1377108989,1449150503,
1820569897,80064631,1546726436,1124740718,
505392533,1016283882,1756927427,288812928,
23190583,2054814149,1062086641,457228086,
1471522696,991271310,1404623746,87322641,
5984804,127286576,1403186971,1358386072,
528066207,311353604,708565121,1240108928,
951582730,1705815810,387131132,694748464,
1334553777,88166761,205016291,461441800,
1187258546,1366124210,619219874,104639808,
1523145905,1041230586,960401120,507605891,
569671423,320900448,685399033,4636600,
1705380039,1976102406,399203205,601102202,
286175525,1789833863,1385733643,2072436150,
1872514139,515262277,1538181526,688900208,
1928688577,297222587,1582015869,1342326025,
1869618388,1663499297,681019904,1278368152,
1742237007,1774080439,1050562894,1117534920,
311506047,1406129652,1122435176,227195680,
581552364,474405242,154056486,1832844796,
314844045,1693562255,1384513101,327179950,
834528407,368472980,1559051396,835070646,
141956360,1828973041,2052969372,1700096385,
1977033713,1424646941,479531466,1440611219,
128249989,593519350,1074615920,839708907,
1969040068,479799636,1482923408,899954246,
1297137910,1122621036,71189833,294958070,
270805225,1401998410,453442926,1638918026,
900575658,869527521,1493446997,1605590848,
108816532,1281316278,841488250,1149961213,
327982285,1771850625,1424457135,1853084923,
1945307082,959796455,765894238,384341340,
133468241,390573488,1829976974,1331856768,
1315700354,1464742215,1023432999,1970620343,
1495178120,116799402,1079014822,1552984484,
1505664083,1763043575,947800685,631078001,
1196625210,1773430590,2120368144,197135431,
378379442,1214426931,152936743,237045202,
605970061,1613374276,1643521437,1955548781,
1530121874,512916890,977138863,318145979,
1854097760,1767374343,1896950973,391353069,
1693288618,1808807959,1329380133,71707130,
352202138,284488925,288974552,1166720796,
2115344576,1797040746,1517538496,1562944186,
1563807877,1082504295,740690045,609004501,
780234423,2114572343,299375854,461362609,
229044792,2024436852,1614803609,791360940,
1066848801,610939550,860272042,1940278882,
445070664,1282873006,726119404,793593611,
591761826,1330680012,797568977,895492024,
609847060,779298764,454160100,60514649,
2066300568,1383333882,189012400,1662340720,
1125644899,1304797089,1233888212,1227055981,
1515716306,7787871,1235602211,1484258774,
1556715293,815931803,930878257,981487164,
978592373,852193451,1817739237,1696681294,
2090540399,1474619056,71968342,333676775,
2110286015,158605446,1788481485,334027775,
1658232706,862053549,1373559505,1404935111,
608020784,329873901,1645050813,1123089702,
1735736780,1107796689,1411519366,1401527572,
1439889217,1940175748,511159545,552293440,
1647103293,1086537676,313900542,1112522383,
269176336,1796344012,1976015437,1914159739,
530484151,820748979,432827309,1336146961,
820457140,238086242,1292613317,624502232,
1663931155,1584634777,1945223245,454022440,
1248630504,880382733,952902100,1660419463,
1761989488,1779730309,220634164,1349484220,
1616578965,1683579288,410462136,1389707671,
378535762,151820769,1889273727,188297751,
1207781610,54164895,1333065028,1543872849,
1425432032,319488558,1611266254,273739788,
943993029,379172595,362579922,660151776,
468595421,1721517271,1247488531,1870392981,
2140831583,518281709,1899212818,1043611641,
1198118496,892077404,235340430,1345626833,
1223113096,533714827,1873323840,2068656230,
1380714367,832513086,610798380,583794739,
1249976217,765565736,216901340,1293248372,
220150826,1304458052,559652677,1364956794,
613101361,1714794468,602761527,84995929,
1961876852,328787889,2046859376,1176846329,
1275510060,1565686888,1550837673,483460807,
228916482,847952691,1924372210,646431214,
1658851911,922161015,1625906632,1131026457,
477953613,1152533830,493432691,345111272,
2022380190,435937722,1625585048,553504507,
68306050,1552841417,1539787797,1471639574,
528146694,1586602059,614545848,2117941128,
2125837626,1244696270,1839687477,653053157,
902393831,258476438,475589113,1429535080,
1158829896,113047826,931805690,1149251693,
1472366487,1102272781,302808419,46468351,
1611588241,2056822618,2093509219,1346855031,
1816984742,484550733,1589429554,499092250,
1559656116,429760136,1970070040,1009602864,
735138967,1508220410,427004004,785197807,
1842904253,1545871805,1816310048,1544410798,
1859729620,786699588,1621124943,1968911315,
1722947151,1247310675,2143207758,1208186939,
1174374599,1160257665,1489146664,419474658,
1398069297,1641338411,1699686235,1801405099,
1397384897,238826557,1983086613,774845311,
2094422032,1465592951,1591388166,509097741,
716330842,405075446,921250154,613564953,
1155932033,994777450,403779142,120719501,
1756306621,215782230,1810658787,1455095553,
379221550,1841259961,1966891180,458766347,
1701879078,1262801246,1151820295,1627346445,
311689836,1897168532,1924525515,756312313,
1434706457,821784614,1211242139,1944556724,
1437295970,1716012615,1211656195,1918263536,
997507243,2131416364,143914616,1379189617,
1747663579,902696953,692406812,1656048027,
1080796244,236613647,773364416,156288258,
1990992205,599722514,666827158,1618271541,
1649258881,758985444,480122259,892465698,
408478793,512666616,544329973,381777389,
262191051,1174281438,1938346487,170191525,
1057440713,1463435930,216840903,139201079,
1701154648,2142195558,1938481437,1019507611,
926140795,290010309,44265284,1216336063,
899447368,1903312441,1406440983,1777006085,
1437032155,645338365,1309307044,926428148,
693561035,824153595,861162139,794653167,
1122865474,1245877983,556855406,480980057,
172817743,1394008361,1149966698,516949132,
215018081,535398630,1249733305,1541682564,
722718649,1677662237,1380833662,123161387,
431864698,1843763846,2047790390,1738776761,
903249782,647131150,1270999951,368070225,
1803808662,1651201619,876198877,983988909,
1645696654,1225749517,15456001,30320454,
1326503162,1999716298,6836313,270427905,
1362518885,205915137,296363260,177398617,
72309648,409302535,1197658840,1464747247,
2020345262,558259938,260264410,1282008912,
1433833806,1782409396,1705746093,489938942,
1557856411,1760577219,377214589,1784922648,
385357684,1027251358,1505088377,1506839852,
385770354,675871987,1415564669,141834318,
508995768,1006764180,1740485450,1760258385,
2058078381,1343691623,821939213,1200759539,
3313627,293986033,1986496250,2115363024,
117245479,288639785,1343218696,428755418,
1729086789,2131971104,1347514932,773581969,
1511912845,2140260590,719684621,1439716682,
1940031685,6509880,23814109,1427182623,
3205719,2090009977,751870769,1578400609,
1276547035,1238005382,2045330113,1224657201,
1514613395,343626279,1008305337,1294188195,
1315909890,1381643026,1645349792,835282800,
1538525041,622361513,155439512,967802888,
1073364905,1879654979,1612151279,521634146,
95898502,1757897481,327306424,1286244404,
708510784,1923278384,2084983615,2052615014,
1696342665,621435259,2085958191,1705082789,
477700432,525980556,1059427478,1145108771,
1361499402,122207601,1436916562,1245324604,
1597879481,1120316627,794611004,1397489150,
1738087508,187290133,1738992937,1335146170,
1172172491,24671654,418366308,287091175,
1616257580,1640774227,1344831384,1941069323,
991572137,1104641147,1761879705,1424048312,
1612812875,1655994028,1462166590,357248393,
328267072,1158763381,1903184645,436048763,
484667533,1255555844,1767309139,1518669941,
2059804618,1330973345,1043191403,851883342,
601035234,1239111622,994986041,1324634867,
1987278748,1972108649,1755787299,1653957315,
1523784867,1447470638,1264099044,535945225,
2147146003,1635981300,1683681542,42350174,
684034421,421703945,1217110523,1680664329,
1802066642,1557215795,609879011,149178227,
1988358717,266075825,355233249,1042948875,
420849488,1965724191,1464636147,1925068326,
1161075542,382571049,1296442485,1552257700,
1674294331,418289386,2009686899,2099177446,
599944782,303095630,1936646835,2088100084,
418284742,220760734,2103766783,506634711,
485116745,723020308,1137192951,516171111,
1133522282,210467440,1943660651,2057712891,
280947147,505214902,968309787,528143046,
1228460815,507844158,1657858136,1485036438,
311164457,2054698859,821216033,871272941,
54243401,1278512883,1282569982,344276086,
1123074956,1642857055,100672017,1449547660,
1108899885,806379336,458705098,734979910,
1145997984,1587929529,1652673806,1791603788,
1001031510,1044199669,1709196881,990728473,
1838666967,1074628116,1308608470,1180753822,
720105278,428712216,40658794,1402399021,
1704907726,45753443,242530022,588151460,
370490213,1831019810,1758269887,1668952020,
22852792,813497139,1638462067,2126083548,
156879032,228840060,1689479966,923627018,
173950722,1088189065,874529160,104129615,
1730666434,1233627569,1923134377,1296906231,
2110668387,602423595,763632321,784691186,
1104456347,808396976,1689811753,794997492,
493492138,2143530808,1179385007,309203580,
1992480163,713594029,652172240,819668206,
1958427555,564430307,2070867729,1224531755,
730276767,679846421,41296148,1504469355,
1715315749,1884636001,1637811529,454696267,
1185226044,252697820,2035788780,1277082446,
1788623924,646804525,34030962,742292349,
1695489261,1428321663,2038018090,1559786846,
282574120,764651502,292283950,1586514057,
1544512661,889797399,854373468,1063841846,
355946256,900409522,1521313444,2104057961,
720201341,939864491,773161925,1946112844,
1641671059,1983295495,109144217,375387432,
81378258,504795002,1874023546,1054671482,
1357626641,1839299181,738664895,30281427,
1169876002,38904661,1493693832,1993750487,
1431321942,1715436863,1573078736,336407973,
1118693864,1756446541,1581919630,1046884394,
1908738902,1178085352,372197734,1053117602,
1512631632,395024115,698833172,1603485305,
1691057927,1996428206,144936160,1818638071,
1236765960,1149337357,1473208020,535615650,
557591127,1389247412,902388122,378506384,
1530114106,350254731,1670567222,861693204,
1765892934,1168460673,1259879494,1551874503,
33765071,1842904537,1604447241,1187926802,
1523499307,1675908086,1274047332,97520138,
1344371661,1109406013,741954506,1801470795,
611002586,1400166521,765722962,1681084123,
655387905,552433536,248166316,1258211628,
1395419301,96607833,1193549468,1798111246,
593567753,2080446268,571111951,2111753437,
424276694,734685074,1718671940,1853914773,
1955658225,272755023,1539653908,1341393115,
150841245,985421597,1105604162,1261140427,
871002989,1340615456,52030252,86304221,
1464906066,1280169407,2072244974,776669819,
76248066,14655812,1758919389,172534510,
2013843333,1056524427,334293009,339240274,
1725207692,819929740,20565772,1390939271,
1303729247,1575414568,806631113,1297248789,
1887247942,565685643,1052067605,1482199371,
224544434,428650331,2064872520,1027784596,
1155743395,1107685579,787795087,1893773695,
1475123148,963714515,820525757,2053391309,
1038945916,387529777,3092408,2067940632,
134155457,182527465,2067942165,1021139797,
503366787,1956092122,875645284,1005413875,
2105106391,1675682255,1168828360,696309867,
750728830,239379735,2093672741,716350609,
2109651248,1259507303,22928322,1810232837,
461323525,1361329753,1182848846,1628891632,
434653027,1258228757,578192212,1284351262,
1250632853,515118696,1594950501,1611811570,
375505490,1146253919,1592537860,987964488,
1215555130,1591256173,332975946,536628907,
1349293895,724242737,1955742888,1165668100,
907898048,1228374833,476532631,654635393,
1906908591,970929538,1496261410,451070485,
1870847184,699467953,1327872708,1429232699,
835337550,1091345177,1412509076,1415213658,
1603661239,1434037536,449356510,1406158992,
1398285837,712157690,1666827439,181179347,
1195560248,7340736,1898817971,2064268265,
629444410,574526352,1518947602,347032399,
771969325,606172571,3972798,1288805878,
518549177,1027094474,240861261,1700181051,
1221670702,779256862,112668783,986154678,
1110923914,1267269172,1083531373,723477070,
928236221,1796302691,1880944135,1782954060,
1594495101,803275753,1390805035,1200584347,
1800959645,849375848,177427801,1909940309,
987983303,565287461,309711303,148759807,
699919804,716136360,992606748,1400824213,
881537256,823785902,1996639350,538169790,
2090521218,131629700,936372969,1787125477,
2012847792,705083243,181203823,2086310143,
1949783546,201269075,397573066,1635589975,
1067683608,1518402252,2147240121,1114002911,
1686868922,1728978539,1405126336,748042956,
1878971585,199233754,550996216,1094671444,
996212859,1111326820,1058721518,977275590,
1006487271,989436739,1218313310,1069789419,
107381715,1425050189,1920005082,394284128,
1709106116,1764989389,2071558864,2126389323,
354138878,49639699,1817122397,1751180415,
1481771921,930165924,1936372854,912685611,
1316007039,487633886,282073020,1538275146,
646213083,113986326,500319173,524344012,
12850649,1572655692,1466538973,572453642,
60470733,1342784220,1861368108,1127206702,
1271822776,282594863,1482539536,12965936,
944487198,1482661241,2002980316,1229442877,
1916124599,774651672,1696104916,1795263339,
187158958,1432849497,824930801,630210818,
1976079637,418238604,957015484,274568070,
1605016379,797978785,1023777691,115417050,
1780340972,394859096,311307961,2041471100,
771158281,2071985719,677079024,644123474,
2113546644,773334531,199135653,1620567387,
1583279963,942620966,802288636,1829506439,
672775513,1284714292,429885155,802176524,
1648277970,560403736,707240782,632982307,
1304786984,537942519,693881338,73286809,
475114999,1811226878,486964597,1093491404,
445088861,1081842464,1838523055,224033483,
2028554671,1402687395,1677800914,287987677,
1818030451,742391564,184370744,1570558044,
1183201954,734105086,1658019809,1886644618,
1415090252,1609584086,860006804,957164900,
2112881577,591233718,316138729,127242287,
1975825834,1307615829,1000129237,320996016,
777857221,1650637791,1402078469,624588886,
252664940,511712918,1414194184,738143458,
331345608,67283747,76451344,1327778101,
941197303,1747690642,681136045,1370210187,
1453567707,1037796554,836011626,349694510,
1647516670,1176881890,852861112,912998788,
143051046,1873458591,1433399681,2056969465,
1235122278,1550676280,431170585,685138831,
1951969396,174042868,229016085,317384861,
1187463324,607794977,1569101254,1217860102,
180872201,786939346,315505515,1360342932,
764995736,2140428727,756139388,1607581545,
1006369163,329745135,2141093796,2020920791,
834535867,1906299156,131133681,42061721,
222141861,1282192070,1543573984,392016252,
1002664045,2058461877,1299392484,522087727,
866470580,241093206,1887301185,1950902903,
1348897805,1563175246,967909677,1847634294,
373674889,541258427,1779080247,2116634534,
1585301621,616257559,181738647,1469759084,
948918979,1798051351,564294367,1388413520,
477465227,1297507814,347483758,1393450899,
1464821634,1634882350,40348613,2023993999,
769129305,1366835824,1640547065,1734263511,
248713653,489824346,1024218559,1621906619,
2109617545,211592927,1388892024,2141748831,
1549456719,380451979,1119289884,11273552,
5704135,2043218787,916003945,1221054089,
298396195,1023964440,1342670742,567156433,
1553669210,1935803133,1105564296,1687771591,
736262640,1746700590,405498670,1847978310,
1160818576,1346886483,1054099465,1792768161,
629485005,2064775760,1442795668,228782245,
624005278,232294880,1936158722,574362866,
1505489808,2096184873,388555770,903896922,
789625486,2004709933,1480246593,1617407081,
1567249123,243685894,459994542,111874929,
289861504,597714603,1893046315,82816545,
2059253359,1324137921,1913750797,1766150100,
1044363195,1164671555,1902005962,1685948761,
39788576,2040957297,1942788355,1489283407,
2102671854,326404413,897452304,2042977455,
1765328741,925526771,11831538,911430700,
1876829074,1579352599,2046488213,1281141912,
2038538847,1609399016,1806412833,27381782,
1925205788,1762249581,1159588203,1473637666,
278287463,1752598393,1614703845,522952199,
1536875846,575604130,179259631,958074879,
1146921693,1727192777,348816556,655495868,
285425617,102026729,1181446671,1973349510,
117558271,1076148103,152740096,1294319777,
2869923,450455774,897355916,1817227321,
1448218795,1524033834,2010752083,1750762799,
1050440434,369476543,2080791919,1474642345,
1741011703,1308720599,370246193,995637751,
1348174770,1272415348,1598447676,129790463,
1549111472,1048942315,1604844677,271028202,
436869964,963472941,2088386361,433569937,
1650151594,1939610533,703934911,550452702,
874958199,1515208877,469723570,1574130300,
1974305174,965240340,834927398,1346095964,
2079025011,1734830901,1177245792,941274199,
2137679949,2060595686,2021071234,920754610,
122458904,231802271,1582045244,575606837,
21993653,708560015,190649003,1739128695,
79264564,1207346202,649083960,991802688,
297371516,1003506522,1536918656,1079095839,
1021883743,48407610,1751076158,791032532,
1417722439,872816954,1125557233,1151043038,
2109066236,1393628855,1888641050,569093277,
506023947,1071543703,1199537838,1398931396,
1951436412,295989075,639664067,1702987122,
331071866,702399499,1508766774,955737138,
151625244,808995078,983314160,70050449,
80016035,1057910840,1477676915,1337254229,
1320145062,1234628218,460053051,1448698590,
835841575,1785545318,2095344708,741221323,
1756768506,593605939,882274681,651360365,
1678097410,1105259603,415084377,2124548193,
575880617,370023226,1090968006,920497801,
827660061,1098700063,23450434,1308930168,
1502162861,2113364542,1614178155,24917206,
1309305588,277252298,733228305,1895518125,
282585615,1263494558,780310557,377033689,
1618180825,237264355,1905337056,41874705,
621205469,509363440,765317425,783325515,
383956264,760958876,58775908,271773990,
1209625310,311480381,2085923931,1180211820,
632162535,336969823,1496162751,1051539272,
1058023866,1048956160,865936231,245004192,
1200205783,1942706185,1600839154,2132238904,
742916577,1578361370,1639215324,1252698372,
1125132262,363314690,1819107813,788539422,
1506666447,1034333465,288147372,600974310,
445356670,1158933504,604643640,741840560,
1249845546,1000491823,691416708,1154891819,
522927853,1331636691,1012214325,971594143,
1964232216,999848470,602097212,998339622,
605622498,1676926028,80730894,251451500,
691115186,39205747,929427098,561403476,
93814931,524272534,381176408,1229940208,
76236136,1064750045,944217688,1626544530,
1765366071,104351671,1888484876,1655404416,
158858466,1566457600,1420072547,1217073544,
151154675,1800389103,1873538575,1108019637,
1241641801,2107600913,789099643,230998579,
452719452,768662259,167837312,1361578321,
914143749,1280191708,1061501245,1370101868,
1599306724,2095563836,1979084461,1953864087,
1370602608,2068718718,1641372108,1708670672,
1664948088,519099998,1681686007,1635526155,
200954120,1295434752,415093250,157737380,
1005143651,306481646,1492863631,1935757918,
777615839,1895046556,1028986868,384197293,
409036891,282960612,1100116466,1171031923,
1674995220,1307196068,809568282,1108135476,
1644424302,182725297,522221302,1699074891,
324037566,310178911,1364888073,1500912175,
784723556,886512699,53742727,2093850091,
1305840284,566708936,1747560,2083302020,
553107215,730972978,1293558627,1465208841,
1831773131,667863830,859480623,12797752,
670299624,1200430949,191906992,1834543195,
1337139851,1489240261,1184606090,1335357510,
1445245006,1302246459,1138851780,1853399803,
579625837,191216854,28902315,353277669,
1690787918,1853307343,2142799605,880819173,
1899165779,20966536,101808551,305229510,
1554596307,587908011,2054815690,1017507661,
1377807572,1666676883,56345915,1185258569,
1537633297,973133162,1156364961,303273139,
1477608714,1874844704,579800216,906005060,
464877591,2145686285,1286742604,195966924,
1538500177,1587106868,1011622764,1748745232,
801147693,655954233,1479405548,1601705464,
1239894911,739335942,677317080,693506759,
144964559,1508878357,32276739,20355769,
1735572209,373445094,1997885744,786472886,
1288831830,169577444,1470578305,1716183804,
1105152509,1408355673,228242791,34520751,
561586750,2038274096,590901419,534856201,
1082787046,368667016,469270898,1869296755,
2133873350,1822449656,1465420244,108756770,
561757501,762388352,234951540,1399504411,
822337931,803585448,891629124,1351525003,
48433656,2015273562,1846622379,2124857427,
600344208,1454669101,461984845,411494578,
1617539376,1440095845,1069498019,207320068,
610229656,1497165876,1009946306,1154294987,
1707029466,1303644484,1841851413,6501436,
428162150,2129417584,1878022788,1210695552,
1261641770,693085772,1489100386,1377296354,
227866852,2070905005,65184104,2079945722,
1659795,95967553,962195439,750547455,
630678812,1908076212,816861480,842235465,
330623826,1055313689,1146756794,566454778,
1556867790,916527955,374588274,589636076,
1895558694,685640779,1909566890,2088075796,
636875771,190606391,1153075686,1197514300,
1224648224,1056737624,574550790,817243880,
1249423172,1644914292,1214537407,701114069,
1481025514,1592697245,383365507,700871892,
476376938,264731137,667846842,1550478515,
119828717,382702105,686114302,2057035666,
1429988171,296330328,937197687,633798132,
1204564734,2016223719,774034305,969687714,
402099265,578943813,30665296,862589023,
1001272228,198980855,798460235,362048450,
1330616422,1943957933,1413019784,2131388002,
1915998163,1824912426,1579380065,301394795,
2029856646,726006567,1902751589,1781904724,
1612994081,1351094029,343737552,646797071,
286741612,1783775995,922297030,415349827,
1644164930,272082303,983800615,1845086819,
820860779,2048681099,94602363,1066277083,
413184613,1392129633,242654899,1478796579,
629493367,837438634,977119029,369942241,
1804060548,1072102072,1238805575,508400959,
844077556,1565931849,1679305002,1527584855,
1183241039,1122279674,405655781,458132601,
560156510,529433791,1070779035,717691850,
1118217466,1988288967,1150392063,2004585335,
863739844,286061491,1095191113,1263291270,
2102396700,1531500973,292360381,2141078566,
505553003,808004225,1503347157,1556065497,
389047402,522276552,1060762622,991355375,
159183310,338030661,1745907272,431320772,
61225600,28600352,1341765177,187915184,
331799345,356547987,2045403661,935434922,
1263730590,1440655163,1351515868,1721403826,
1796741361,719221768,520865994,2021153757,
645615217,1109752164,716975358,1352457512,
1013627704,1245282042,933824906,720704003,
632096738,1472636994,1494255149,2145419124,
874682404,564948359,1087279616,250622154,
154767783,1070526120,816261758,1614748278,
505194285,720466202,2042759073,59705101,
734695164,1074313592,777460670,274405338,
301727458,300600507,1976220733,1377253871,
1417732832,617382533,45627876,943515751,
1638699162,880018204,1648471087,876583404,
723947375,191545890,290474917,1582852628,
1263545718,1697464879,1299930824,738763547,
1478686188,1331188691,1023121791,1161883010,
2100253908,1393874650,851720510,86577314,
578660954,341406092,155190130,352138466,
152276873,84185028,1030627222,983240274,
1068477053,1619309972,1006918133,331530929,
1520967529,742634511,195459399,997160745,
881039712,835687431,1667663644,1175044068,
1815661226,1092403986,1900124419,315311456,
1539509803,1808375392,1504989501,2005577379,
792448505,1317174029,1033466399,1407682768,
1087709109,1865783360,2120669042,1665687,
37656326,1201332692,1431691136,626418709,
1011064762,1121570612,1471484116,452001571,
1890940799,1449720516,228330423,1697766270,
1343394662,484786259,406574417,1728722675,
178483918,910131760,638441590,468535064,
841184532,2019428548,206945251,1921000034,
1277425827,1035466289,947191107,400056622,
2085743640,321846388,1054202282,476806971,
812986380,1089725414,815969074,1891673733,
678910279,50335690,1340207616,2008105830,
271752159,158477963,1625234864,1430914730,
425992587,2123937442,1930230499,150076866,
1314570319,802931005,1137216579,373408742,
1838657961,725686721,1753406861,684701503,
1894222485,1791523495,393587912,2125185953,
844222273,294719117,595210638,1377858887,
269141577,2111844005,1254714551,2117349892,
1336172189,1749346104,759557886,809568298,
812279519,136622788,494332398,861482785,
1301634420,1331444737,626688771,429375090,
937925053,2061598275,283771941,333374369,
423394391,713835614,1479744410,1896677945,
1641172734,1639285014,1122297952,727338167,
1854234209,261391127,563323855,522428522,
1637799161,483718259,1553803889,1093361557,
723998354,1566582610,416607008,1468022976,
818141612,421758101,1779834361,1681077435,
741722128,1068138853,719876093,1512812804,
235137743,2019198780,1188243243,1205057021,
1140616505,445916828,1470108312,372061406,
1740922659,264090887,872272897,1991915812,
989947986,1960443474,1353051527,1485089285,
1243190338,1656867369,1330765345,1051283484,
1843174581,600330297,969485373,1958609045,
1060430970,2123644894,729216989,833441860,
1337278924,29282000,891859161,360014059,
1379087939,875867941,1028311845,1312515641,
1185090952,1112295912,1416349491,1294678359,
2112540743,436755153,2115990739,1425118550,
32768,1425118550,2115990739,436755153,
32768,1294678359,1416349491,1112295912,
2112540743,1312515641,1028311845,875867941,
1185090952,360014059,891859161,29282000,
1379087939,833441860,729216989,2123644894,
1337278924,1958609045,969485373,600330297,
1060430970,1051283484,1330765345,1656867369,
1843174581,1485089285,1353051527,1960443474,
1243190338,1991915812,872272897,264090887,
989947986,372061406,1470108312,445916828,
1740922659,1205057021,1188243243,2019198780,
1140616505,1512812804,719876093,1068138853,
235137743,1681077435,1779834361,421758101,
741722128,1468022976,416607008,1566582610,
818141612,1093361557,1553803889,483718259,
723998354,522428522,563323855,261391127,
1637799161,727338167,1122297952,1639285014,
1854234209,1896677945,1479744410,713835614,
1641172734,333374369,283771941,2061598275,
423394391,429375090,626688771,1331444737,
937925053,861482785,494332398,136622788,
1301634420,809568298,759557886,1749346104,
812279519,2117349892,1254714551,2111844005,
1336172189,1377858887,595210638,294719117,
269141577,2125185953,393587912,1791523495,
844222273,684701503,1753406861,725686721,
1894222485,373408742,1137216579,802931005,
1838657961,150076866,1930230499,2123937442,
1314570319,1430914730,1625234864,158477963,
425992587,2008105830,1340207616,50335690,
271752159,1891673733,815969074,1089725414,
678910279,476806971,1054202282,321846388,
812986380,400056622,947191107,1035466289,
2085743640,1921000034,206945251,2019428548,
1277425827,468535064,638441590,910131760,
841184532,1728722675,406574417,484786259,
178483918,1697766270,228330423,1449720516,
1343394662,452001571,1471484116,1121570612,
1890940799,626418709,1431691136,1201332692,
1011064762,1665687,2120669042,1865783360,
37656326,1407682768,1033466399,1317174029,
1087709109,2005577379,1504989501,1808375392,
792448505,315311456,1900124419,1092403986,
1539509803,1175044068,1667663644,835687431,
1815661226,997160745,195459399,742634511,
881039712,331530929,1006918133,1619309972,
1520967529,983240274,1030627222,84185028,
1068477053,352138466,155190130,341406092,
152276873,86577314,851720510,1393874650,
578660954,1161883010,1023121791,1331188691,
2100253908,738763547,1299930824,1697464879,
1478686188,1582852628,290474917,191545890,
1263545718,876583404,1648471087,880018204,
723947375,943515751,45627876,617382533,
1638699162,1377253871,1976220733,300600507,
1417732832,274405338,777460670,1074313592,
301727458,59705101,2042759073,720466202,
734695164,1614748278,816261758,1070526120,
505194285,250622154,1087279616,564948359,
154767783,2145419124,1494255149,1472636994,
874682404,720704003,933824906,1245282042,
632096738,1352457512,716975358,1109752164,
1013627704,2021153757,520865994,719221768,
645615217,1721403826,1351515868,1440655163,
1796741361,935434922,2045403661,356547987,
1263730590,187915184,1341765177,28600352,
331799345,431320772,1745907272,338030661,
61225600,991355375,1060762622,522276552,
159183310,1556065497,1503347157,808004225,
389047402,2141078566,292360381,1531500973,
505553003,1263291270,1095191113,286061491,
2102396700,2004585335,1150392063,1988288967,
863739844,717691850,1070779035,529433791,
1118217466,458132601,405655781,1122279674,
560156510,1527584855,1679305002,1565931849,
1183241039,508400959,1238805575,1072102072,
844077556,369942241,977119029,837438634,
1804060548,1478796579,242654899,1392129633,
629493367,1066277083,94602363,2048681099,
413184613,1845086819,983800615,272082303,
820860779,415349827,922297030,1783775995,
1644164930,646797071,343737552,1351094029,
286741612,1781904724,1902751589,726006567,
1612994081,301394795,1579380065,1824912426,
2029856646,2131388002,1413019784,1943957933,
1915998163,362048450,798460235,198980855,
1330616422,862589023,30665296,578943813,
1001272228,969687714,774034305,2016223719,
402099265,633798132,937197687,296330328,
1204564734,2057035666,686114302,382702105,
1429988171,1550478515,667846842,264731137,
119828717,700871892,383365507,1592697245,
476376938,701114069,1214537407,1644914292,
1481025514,817243880,574550790,1056737624,
1249423172,1197514300,1153075686,190606391,
1224648224,2088075796,1909566890,685640779,
636875771,589636076,374588274,916527955,
1895558694,566454778,1146756794,1055313689,
1556867790,842235465,816861480,1908076212,
330623826,750547455,962195439,95967553,
630678812,2079945722,65184104,2070905005,
1659795,1377296354,1489100386,693085772,
227866852,1210695552,1878022788,2129417584,
1261641770,6501436,1841851413,1303644484,
428162150,1154294987,1009946306,1497165876,
1707029466,207320068,1069498019,1440095845,
610229656,411494578,461984845,1454669101,
1617539376,2124857427,1846622379,2015273562,
600344208,1351525003,891629124,803585448,
48433656,1399504411,234951540,762388352,
822337931,108756770,1465420244,1822449656,
561757501,1869296755,469270898,368667016,
2133873350,534856201,590901419,2038274096,
1082787046,34520751,228242791,1408355673,
561586750,1716183804,1470578305,169577444,
1105152509,786472886,1997885744,373445094,
1288831830,20355769,32276739,1508878357,
1735572209,693506759,677317080,739335942,
144964559,1601705464,1479405548,655954233,
1239894911,1748745232,1011622764,1587106868,
801147693,195966924,1286742604,2145686285,
1538500177,906005060,579800216,1874844704,
464877591,303273139,1156364961,973133162,
1477608714,1185258569,56345915,1666676883,
1537633297,1017507661,2054815690,587908011,
1377807572,305229510,101808551,20966536,
1554596307,880819173,2142799605,1853307343,
1899165779,353277669,28902315,191216854,
1690787918,1853399803,1138851780,1302246459,
579625837,1335357510,1184606090,1489240261,
1445245006,1834543195,191906992,1200430949,
1337139851,12797752,859480623,667863830,
670299624,1465208841,1293558627,730972978,
1831773131,2083302020,1747560,566708936,
553107215,2093850091,53742727,886512699,
1305840284,1500912175,1364888073,310178911,
784723556,1699074891,522221302,182725297,
324037566,1108135476,809568282,1307196068,
1644424302,1171031923,1100116466,282960612,
1674995220,384197293,1028986868,1895046556,
409036891,1935757918,1492863631,306481646,
777615839,157737380,415093250,1295434752,
1005143651,1635526155,1681686007,519099998,
200954120,1708670672,1641372108,2068718718,
1664948088,1953864087,1979084461,2095563836,
1370602608,1370101868,1061501245,1280191708,
1599306724,1361578321,167837312,768662259,
914143749,230998579,789099643,2107600913,
452719452,1108019637,1873538575,1800389103,
1241641801,1217073544,1420072547,1566457600,
151154675,1655404416,1888484876,104351671,
158858466,1626544530,944217688,1064750045,
1765366071,1229940208,381176408,524272534,
76236136,561403476,929427098,39205747,
93814931,251451500,80730894,1676926028,
691115186,998339622,602097212,999848470,
605622498,971594143,1012214325,1331636691,
1964232216,1154891819,691416708,1000491823,
522927853,741840560,604643640,1158933504,
1249845546,600974310,288147372,1034333465,
445356670,788539422,1819107813,363314690,
1506666447,1252698372,1639215324,1578361370,
1125132262,2132238904,1600839154,1942706185,
742916577,245004192,865936231,1048956160,
1200205783,1051539272,1496162751,336969823,
1058023866,1180211820,2085923931,311480381,
632162535,271773990,58775908,760958876,
1209625310,783325515,765317425,509363440,
383956264,41874705,1905337056,237264355,
621205469,377033689,780310557,1263494558,
1618180825,1895518125,733228305,277252298,
282585615,24917206,1614178155,2113364542,
1309305588,1308930168,23450434,1098700063,
1502162861,920497801,1090968006,370023226,
827660061,2124548193,415084377,1105259603,
575880617,651360365,882274681,593605939,
1678097410,741221323,2095344708,1785545318,
1756768506,1448698590,460053051,1234628218,
835841575,1337254229,1477676915,1057910840,
1320145062,70050449,983314160,808995078,
80016035,955737138,1508766774,702399499,
151625244,1702987122,639664067,295989075,
331071866,1398931396,1199537838,1071543703,
1951436412,569093277,1888641050,1393628855,
506023947,1151043038,1125557233,872816954,
2109066236,791032532,1751076158,48407610,
1417722439,1079095839,1536918656,1003506522,
1021883743,991802688,649083960,1207346202,
297371516,1739128695,190649003,708560015,
79264564,575606837,1582045244,231802271,
21993653,920754610,2021071234,2060595686,
122458904,941274199,1177245792,1734830901,
2137679949,1346095964,834927398,965240340,
2079025011,1574130300,469723570,1515208877,
1974305174,550452702,703934911,1939610533,
874958199,433569937,2088386361,963472941,
1650151594,271028202,1604844677,1048942315,
436869964,129790463,1598447676,1272415348,
1549111472,995637751,370246193,1308720599,
1348174770,1474642345,2080791919,369476543,
1741011703,1750762799,2010752083,1524033834,
1050440434,1817227321,897355916,450455774,
1448218795,1294319777,152740096,1076148103,
2869923,1973349510,1181446671,102026729,
117558271,655495868,348816556,1727192777,
285425617,958074879,179259631,575604130,
1146921693,522952199,1614703845,1752598393,
1536875846,1473637666,1159588203,1762249581,
278287463,27381782,1806412833,1609399016,
1925205788,1281141912,2046488213,1579352599,
2038538847,911430700,11831538,925526771,
1876829074,2042977455,897452304,326404413,
1765328741,1489283407,1942788355,2040957297,
2102671854,1685948761,1902005962,1164671555,
39788576,1766150100,1913750797,1324137921,
1044363195,82816545,1893046315,597714603,
2059253359,111874929,459994542,243685894,
289861504,1617407081,1480246593,2004709933,
1567249123,903896922,388555770,2096184873,
789625486,574362866,1936158722,232294880,
1505489808,228782245,1442795668,2064775760,
624005278,1792768161,1054099465,1346886483,
629485005,1847978310,405498670,1746700590,
1160818576,1687771591,1105564296,1935803133,
736262640,567156433,1342670742,1023964440,
1553669210,1221054089,916003945,2043218787,
298396195,11273552,1119289884,380451979,
5704135,2141748831,1388892024,211592927,
1549456719,1621906619,1024218559,489824346,
2109617545,1734263511,1640547065,1366835824,
248713653,2023993999,40348613,1634882350,
769129305,1393450899,347483758,1297507814,
1464821634,1388413520,564294367,1798051351,
477465227,1469759084,181738647,616257559,
948918979,2116634534,1779080247,541258427,
1585301621,1847634294,967909677,1563175246,
373674889,1950902903,1887301185,241093206,
1348897805,522087727,1299392484,2058461877,
866470580,392016252,1543573984,1282192070,
1002664045,42061721,131133681,1906299156,
222141861,2020920791,2141093796,329745135,
834535867,1607581545,756139388,2140428727,
1006369163,1360342932,315505515,786939346,
764995736,1217860102,1569101254,607794977,
180872201,317384861,229016085,174042868,
1187463324,685138831,431170585,1550676280,
1951969396,2056969465,1433399681,1873458591,
1235122278,912998788,852861112,1176881890,
143051046,349694510,836011626,1037796554,
1647516670,1370210187,681136045,1747690642,
1453567707,1327778101,76451344,67283747,
941197303,738143458,1414194184,511712918,
331345608,624588886,1402078469,1650637791,
252664940,320996016,1000129237,1307615829,
777857221,127242287,316138729,591233718,
1975825834,957164900,860006804,1609584086,
2112881577,1886644618,1658019809,734105086,
1415090252,1570558044,184370744,742391564,
1183201954,287987677,1677800914,1402687395,
1818030451,224033483,1838523055,1081842464,
2028554671,1093491404,486964597,1811226878,
445088861,73286809,693881338,537942519,
475114999,632982307,707240782,560403736,
1304786984,802176524,429885155,1284714292,
1648277970,1829506439,802288636,942620966,
672775513,1620567387,199135653,773334531,
1583279963,644123474,677079024,2071985719,
2113546644,2041471100,311307961,394859096,
771158281,115417050,1023777691,797978785,
1780340972,274568070,957015484,418238604,
1605016379,630210818,824930801,1432849497,
1976079637,1795263339,1696104916,774651672,
187158958,1229442877,2002980316,1482661241,
1916124599,12965936,1482539536,282594863,
944487198,1127206702,1861368108,1342784220,
1271822776,572453642,1466538973,1572655692,
60470733,524344012,500319173,113986326,
12850649,1538275146,282073020,487633886,
646213083,912685611,1936372854,930165924,
1316007039,1751180415,1817122397,49639699,
1481771921,2126389323,2071558864,1764989389,
354138878,394284128,1920005082,1425050189,
1709106116,1069789419,1218313310,989436739,
107381715,977275590,1058721518,1111326820,
1006487271,1094671444,550996216,199233754,
996212859,748042956,1405126336,1728978539,
1878971585,1114002911,2147240121,1518402252,
1686868922,1635589975,397573066,201269075,
1067683608,2086310143,181203823,705083243,
1949783546,1787125477,936372969,131629700,
2012847792,538169790,1996639350,823785902,
2090521218,1400824213,992606748,716136360,
881537256,148759807,309711303,565287461,
699919804,1909940309,177427801,849375848,
987983303,1200584347,1390805035,803275753,
1800959645,1782954060,1880944135,1796302691,
1594495101,723477070,1083531373,1267269172,
928236221,986154678,112668783,779256862,
1110923914,1700181051,240861261,1027094474,
1221670702,1288805878,3972798,606172571,
518549177,347032399,1518947602,574526352,
771969325,2064268265,1898817971,7340736,
629444410,181179347,1666827439,712157690,
1195560248,1406158992,449356510,1434037536,
1398285837,1415213658,1412509076,1091345177,
1603661239,1429232699,1327872708,699467953,
835337550,451070485,1496261410,970929538,
1870847184,654635393,476532631,1228374833,
1906908591,1165668100,1955742888,724242737,
907898048,536628907,332975946,1591256173,
1349293895,987964488,1592537860,1146253919,
1215555130,1611811570,1594950501,515118696,
375505490,1284351262,578192212,1258228757,
1250632853,1628891632,1182848846,1361329753,
434653027,1810232837,22928322,1259507303,
461323525,716350609,2093672741,239379735,
2109651248,696309867,1168828360,1675682255,
750728830,1005413875,875645284,1956092122,
2105106391,1021139797,2067942165,182527465,
503366787,2067940632,3092408,387529777,
134155457,2053391309,820525757,963714515,
1038945916,1893773695,787795087,1107685579,
1475123148,1027784596,2064872520,428650331,
1155743395,1482199371,1052067605,565685643,
224544434,1297248789,806631113,1575414568,
1887247942,1390939271,20565772,819929740,
1303729247,339240274,334293009,1056524427,
1725207692,172534510,1758919389,14655812,
2013843333,776669819,2072244974,1280169407,
76248066,86304221,52030252,1340615456,
1464906066,1261140427,1105604162,985421597,
871002989,1341393115,1539653908,272755023,
150841245,1853914773,1718671940,734685074,
1955658225,2111753437,571111951,2080446268,
424276694,1798111246,1193549468,96607833,
593567753,1258211628,248166316,552433536,
1395419301,1681084123,765722962,1400166521,
655387905,1801470795,741954506,1109406013,
611002586,97520138,1274047332,1675908086,
1344371661,1187926802,1604447241,1842904537,
1523499307,1551874503,1259879494,1168460673,
33765071,861693204,1670567222,350254731,
1765892934,378506384,902388122,1389247412,
1530114106,535615650,1473208020,1149337357,
557591127,1818638071,144936160,1996428206,
1236765960,1603485305,698833172,395024115,
1691057927,1053117602,372197734,1178085352,
1512631632,1046884394,1581919630,1756446541,
1908738902,336407973,1573078736,1715436863,
1118693864,1993750487,1493693832,38904661,
1431321942,30281427,738664895,1839299181,
1169876002,1054671482,1874023546,504795002,
1357626641,375387432,109144217,1983295495,
81378258,1946112844,773161925,939864491,
1641671059,2104057961,1521313444,900409522,
720201341,1063841846,854373468,889797399,
355946256,1586514057,292283950,764651502,
1544512661,1559786846,2038018090,1428321663,
282574120,742292349,34030962,646804525,
1695489261,1277082446,2035788780,252697820,
1788623924,454696267,1637811529,1884636001,
1185226044,1504469355,41296148,679846421,
1715315749,1224531755,2070867729,564430307,
730276767,819668206,652172240,713594029,
1958427555,309203580,1179385007,2143530808,
1992480163,794997492,1689811753,808396976,
493492138,784691186,763632321,602423595,
1104456347,1296906231,1923134377,1233627569,
2110668387,104129615,874529160,1088189065,
1730666434,923627018,1689479966,228840060,
173950722,2126083548,1638462067,813497139,
156879032,1668952020,1758269887,1831019810,
22852792,588151460,242530022,45753443,
370490213,1402399021,40658794,428712216,
1704907726,1180753822,1308608470,1074628116,
720105278,990728473,1709196881,1044199669,
1838666967,1791603788,1652673806,1587929529,
1001031510,734979910,458705098,806379336,
1145997984,1449547660,100672017,1642857055,
1108899885,344276086,1282569982,1278512883,
1123074956,871272941,821216033,2054698859,
54243401,1485036438,1657858136,507844158,
311164457,528143046,968309787,505214902,
1228460815,2057712891,1943660651,210467440,
280947147,516171111,1137192951,723020308,
1133522282,506634711,2103766783,220760734,
485116745,2088100084,1936646835,303095630,
418284742,2099177446,2009686899,418289386,
599944782,1552257700,1296442485,382571049,
1674294331,1925068326,1464636147,1965724191,
1161075542,1042948875,355233249,266075825,
420849488,149178227,609879011,1557215795,
1988358717,1680664329,1217110523,421703945,
1802066642,42350174,1683681542,1635981300,
684034421,535945225,1264099044,1447470638,
2147146003,1653957315,1755787299,1972108649,
1523784867,1324634867,994986041,1239111622,
1987278748,851883342,1043191403,1330973345,
601035234,1518669941,1767309139,1255555844,
2059804618,436048763,1903184645,1158763381,
484667533,357248393,1462166590,1655994028,
328267072,1424048312,1761879705,1104641147,
1612812875,1941069323,1344831384,1640774227,
991572137,287091175,418366308,24671654,
1616257580,1335146170,1738992937,187290133,
1172172491,1397489150,794611004,1120316627,
1738087508,1245324604,1436916562,122207601,
1597879481,1145108771,1059427478,525980556,
1361499402,1705082789,2085958191,621435259,
477700432,2052615014,2084983615,1923278384,
1696342665,1286244404,327306424,1757897481,
708510784,521634146,1612151279,1879654979,
95898502,967802888,155439512,622361513,
1073364905,835282800,1645349792,1381643026,
1538525041,1294188195,1008305337,343626279,
1315909890,1224657201,2045330113,1238005382,
1514613395,1578400609,751870769,2090009977,
1276547035,1427182623,23814109,6509880,
3205719,1439716682,719684621,2140260590,
1940031685,773581969,1347514932,2131971104,
1511912845,428755418,1343218696,288639785,
1729086789,2115363024,1986496250,293986033,
117245479,1200759539,821939213,1343691623,
3313627,1760258385,1740485450,1006764180,
2058078381,141834318,1415564669,675871987,
508995768,1506839852,1505088377,1027251358,
385770354,1784922648,377214589,1760577219,
385357684,489938942,1705746093,1782409396,
1557856411,1282008912,260264410,558259938,
1433833806,1464747247,1197658840,409302535,
2020345262,177398617,296363260,205915137,
72309648,270427905,6836313,1999716298,
1362518885,30320454,15456001,1225749517,
1326503162,983988909,876198877,1651201619,
1645696654,368070225,1270999951,647131150,
1803808662,1738776761,2047790390,1843763846,
903249782,123161387,1380833662,1677662237,
431864698,1541682564,1249733305,535398630,
722718649,516949132,1149966698,1394008361,
215018081,480980057,556855406,1245877983,
172817743,794653167,861162139,824153595,
1122865474,926428148,1309307044,645338365,
693561035,1777006085,1406440983,1903312441,
1437032155,1216336063,44265284,290010309,
899447368,1019507611,1938481437,2142195558,
926140795,139201079,216840903,1463435930,
1701154648,170191525,1938346487,1174281438,
1057440713,381777389,544329973,512666616,
262191051,892465698,480122259,758985444,
408478793,1618271541,666827158,599722514,
1649258881,156288258,773364416,236613647,
1990992205,1656048027,692406812,902696953,
1080796244,1379189617,143914616,2131416364,
1747663579,1918263536,1211656195,1716012615,
997507243,1944556724,1211242139,821784614,
1437295970,756312313,1924525515,1897168532,
1434706457,1627346445,1151820295,1262801246,
311689836,458766347,1966891180,1841259961,
1701879078,1455095553,1810658787,215782230,
379221550,120719501,403779142,994777450,
1756306621,613564953,921250154,405075446,
1155932033,509097741,1591388166,1465592951,
716330842,774845311,1983086613,238826557,
2094422032,1801405099,1699686235,1641338411,
1397384897,419474658,1489146664,1160257665,
1398069297,1208186939,2143207758,1247310675,
1174374599,1968911315,1621124943,786699588,
1722947151,1544410798,1816310048,1545871805,
1859729620,785197807,427004004,1508220410,
1842904253,1009602864,1970070040,429760136,
735138967,499092250,1589429554,484550733,
1559656116,1346855031,2093509219,2056822618,
1816984742,46468351,302808419,1102272781,
1611588241,1149251693,931805690,113047826,
1472366487,1429535080,475589113,258476438,
1158829896,653053157,1839687477,1244696270,
902393831,2117941128,614545848,1586602059,
2125837626,1471639574,1539787797,1552841417,
528146694,553504507,1625585048,435937722,
68306050,345111272,493432691,1152533830,
2022380190,1131026457,1625906632,922161015,
477953613,646431214,1924372210,847952691,
1658851911,483460807,1550837673,1565686888,
228916482,1176846329,2046859376,328787889,
1275510060,84995929,602761527,1714794468,
1961876852,1364956794,559652677,1304458052,
613101361,1293248372,216901340,765565736,
220150826,583794739,610798380,832513086,
1249976217,2068656230,1873323840,533714827,
1380714367,1345626833,235340430,892077404,
1223113096,1043611641,1899212818,518281709,
1198118496,1870392981,1247488531,1721517271,
2140831583,660151776,362579922,379172595,
468595421,273739788,1611266254,319488558,
943993029,1543872849,1333065028,54164895,
1425432032,188297751,1889273727,151820769,
1207781610,1389707671,410462136,1683579288,
378535762,1349484220,220634164,1779730309,
1616578965,1660419463,952902100,880382733,
1761989488,454022440,1945223245,1584634777,
1248630504,624502232,1292613317,238086242,
1663931155,1336146961,432827309,820748979,
820457140,1914159739,1976015437,1796344012,
530484151,1112522383,313900542,1086537676,
269176336,552293440,511159545,1940175748,
1647103293,1401527572,1411519366,1107796689,
1439889217,1123089702,1645050813,329873901,
1735736780,1404935111,1373559505,862053549,
608020784,334027775,1788481485,158605446,
1658232706,333676775,71968342,1474619056,
2110286015,1696681294,1817739237,852193451,
2090540399,981487164,930878257,815931803,
978592373,1484258774,1235602211,7787871,
1556715293,1227055981,1233888212,1304797089,
1515716306,1662340720,189012400,1383333882,
1125644899,60514649,454160100,779298764,
2066300568,895492024,797568977,1330680012,
609847060,793593611,726119404,1282873006,
591761826,1940278882,860272042,610939550,
445070664,791360940,1614803609,2024436852,
1066848801,461362609,299375854,2114572343,
229044792,609004501,740690045,1082504295,
780234423,1562944186,1517538496,1797040746,
1563807877,1166720796,288974552,284488925,
2115344576,71707130,1329380133,1808807959,
352202138,391353069,1896950973,1767374343,
1693288618,318145979,977138863,512916890,
1854097760,1955548781,1643521437,1613374276,
1530121874,237045202,152936743,1214426931,
605970061,197135431,2120368144,1773430590,
378379442,631078001,947800685,1763043575,
1196625210,1552984484,1079014822,116799402,
1505664083,1970620343,1023432999,1464742215,
1495178120,1331856768,1829976974,390573488,
1315700354,384341340,765894238,959796455,
133468241,1853084923,1424457135,1771850625,
1945307082,1149961213,841488250,1281316278,
327982285,1605590848,1493446997,869527521,
108816532,1638918026,453442926,1401998410,
900575658,294958070,71189833,1122621036,
270805225,899954246,1482923408,479799636,
1297137910,839708907,1074615920,593519350,
1969040068,1440611219,479531466,1424646941,
128249989,1700096385,2052969372,1828973041,
1977033713,835070646,1559051396,368472980,
141956360,327179950,1384513101,1693562255,
834528407,1832844796,154056486,474405242,
314844045,227195680,1122435176,1406129652,
581552364,1117534920,1050562894,1774080439,
311506047,1278368152,681019904,1663499297,
1742237007,1342326025,1582015869,297222587,
1869618388,688900208,1538181526,515262277,
1928688577,2072436150,1385733643,1789833863,
1872514139,601102202,399203205,1976102406,
286175525,4636600,685399033,320900448,
1705380039,507605891,960401120,1041230586,
569671423,104639808,619219874,1366124210,
1523145905,461441800,205016291,88166761,
1187258546,694748464,387131132,1705815810,
1334553777,1240108928,708565121,311353604,
951582730,1358386072,1403186971,127286576,
528066207,87322641,1404623746,991271310,
5984804,457228086,1062086641,2054814149,
1471522696,288812928,1756927427,1016283882,
23190583,1124740718,1546726436,80064631,
505392533,1449150503,1377108989,63397357,
1820569897,1244504698,2136125588,1895742040,
162167819,462174468,1633303011,1192000599,
271138064,121061401,1805134467,1780627756,
1916987415,2002625039,36944616,2128027899,
1381734966,948791101,952483748,1321181217,
319230240,230319443,792580300,305218699,
1262725055,1341466547,1471019820,1112332644,
1872242838,1074021352,1919833949,122612742,
937825374,1805055617,1912703776,1971956546,
1768413433,511398140,127190109,1739330982,
373229752,1200412816,2139008232,1168379036,
1309288441,1684759692,1366725626,810098918,
1513642401,2040125322,1825872225,1263389575,
1771119724,1224791785,1307738231,1055474960,
664371607,2068160470,1821781710,1834802836,
568454352,964657851,44947064,1667412586,
1007168592,1065416023,319068854,1560446938,
584285950,1434212246,1570767198,1324476053,
1241102496,1524299563,1803672741,333872603,
1195953466,1006935385,82601404,410172283,
223601085,946093034,1218279471,1965872268,
1561147364,1350697960,572267723,1079501627,
503440359,356271955,1892920908,691294643,
494423956,88773752,1550009808,2005237139,
1283721580,1898125659,1919824717,1773385943,
588434843,1697688442,1232024869,284802165,
952794586,501541611,363753150,1104414091,
472916039,568722295,984257042,623712945,
720407523,194148127,1082079199,785353444,
815758523,1786034603,307844838,371205048,
1213823131,284721485,1679314735,250786512,
1224028753,1471959853,982875175,1359710103,
1510014969,1339397361,50201942,711938396,
1030958582,1288234371,1350282773,1656578628,
1879385002,1922460650,1939781311,590291289,
951261442,234753049,1068243131,1176678525,
1155135797,1239679057,1366894167,1266377863,
1258358575,353182394,897697399,357930916,
1742474481,1100545921,1997776235,1268996171,
1567211821,176684709,2065759030,552469484,
1329034097,668926928,1582683290,1281292028,
965637075,760806646,25636412,1203811109,
849605071,305116495,1594113487,88538075,
1563928157,1683414597,1673377282,1139447330,
348680891,1538567489,486824142,1941174297,
473573923,1465775986,1855744853,1941728120,
2047982146,1872561985,379309205,2090259052,
1167574449,1386666192,1666446233,80440258,
1893418270,1180355992,277348337,1977652406,
325390167,534124461,1119352987,1971740665,
639814482,185440273,2090985855,1777564166,
2066574751,1216259746,401904843,254807675,
1278375844,1834956700,1879656373,597820343,
1753695958,1064586736,1563629315,1516020448,
1716479367,497622956,568707271,636329322,
142353972,1476191044,561932568,66684111,
1328470776,48717603,556634589,160939926,
1635425083,2039751819,90980395,924903980,
1113159341,137919035,634980377,1099087736,
853979252,1262292967,623696583,1375237250,
116676339,1500349817,1192821471,825058258,
416718489,825497904,257063292,69271995,
763141024,731750213,1218420046,1096630947,
1243631942,1372343250,1736717311,560366215,
667899701,863357024,663067599,665460313,
826583232,1686043301,1233202406,246671027,
877294821,499207413,1258360621,305384122,
646472173,477260973,954349958,893339406,
100455393,2147180124,926878214,1371608632,
559111754,304385016,1538565266,1684393795,
586596361,1540228829,1080034394,58261673,
289736590,991701759,588507960,1684928916,
482245636,272949776,1602501020,1043857262,
1745335768,2052667456,259768621,1671380214,
567259857,1096609390,1445476898,823843627,
194696271,957557416,306425233,65083937,
1785935532,1869161420,312193502,617915541,
1755077572,651499709,1438454723,918686834,
1985888330,1179249224,712427122,1920253470,
971687468,1219079712,1283969650,1241606891,
1992719817,1053249898,1037940949,427606277,
23529063,545328822,183270873,1305056920,
1497320978,1500544559,1061001184,951940268,
773269826,1602551370,118764512,408682862,
230147405,1046124243,1480717303,927248520,
1636208778,1656593479,254284001,837351077,
1129747640,351780006,262539044,1560011968,
2014222193,271261088,35244662,1389945395,
1088093947,804867271,348860563,1155379416,
131929016,578997888,1448319187,690797890,
1353673049,876815775,1282688284,1677893255,
252929270,1970171247,1731567652,1408564242,
1232643178,1018933355,1060970092,1346116852,
1629675326,1811197938,1005366020,1656242640,
1291846151,124061924,912206704,585197534,
144960382,222841901,628171342,34404824,
1069335881,794409008,233119959,571489938,
1675792836,1924896986,321840149,1062958278,
1887689736,878143618,859666256,535338976,
750301505,679785885,2024766302,459667549,
803394615,1724426126,1694394381,376077928,
1829434854,246874806,1261210341,1593064328,
180537048,154304350,651941951,1206272511,
1506996550,837085876,226528666,676347090,
1047841043,1087488462,227944340,789732767,
671648967,1893314107,1982805142,607816287,
2137011181,176566389,425575340,2043919630,
1014093253,83102648,991763386,145146027,
1399189610,319462418,1465645892,85549769,
280795915,273311889,506246859,851348195,
1867043048,196256377,1913931802,1908670368,
2057286770,865808105,997880953,1046904107,
925136221,1101144204,1712988419,62976813,
908869364,1431375498,1928999498,985189369,
827893883,564949427,43852294,638126429,
1538255603,1566644047,1547144600,848901756,
645526002,361025339,1282939002,1436964572,
163628149,1627806341,146714283,258871260,
986818356,351373812,1079153585,612647166,
2080201937,1760055740,733424530,781077662,
695839670,744615595,691797653,2050492204,
1381233804,81499541,713972189,1226035091,
36557796,747871019,1283966886,1687085009,
1792244284,1257023151,1797543406,1688057387,
379161111,1473597494,1340423065,656674654,
158317739,1063757771,707397755,632941663,
690645907,1226364293,157882847,1200096456,
1355251086,540429054,933993899,1095998239,
1628265625,716211098,2082375573,1840305881,
308284219,7347254,1863155357,2016162671,
1379798146,744243686,157701354,583923216,
566492308,1961344984,1903656131,136322689,
538351903,464638712,1277251877,1295582613,
1953903753,114986694,48935246,1062117434,
1808425754,2132281386,1768309665,1759222549,
847019487,779303748,1571764680,678434203,
1399549174,1769736340,1223228940,920188540,
1798839503,122649463,61235165,2057759556,
14530030,186911800,1917912300,1960951396,
228509164,822944250,1030159217,1345796127,
844472455,1535479990,818802310,1187254892,
304978810,1029003384,412514780,523199854,
1051111168,190300978,112327533,1464188620,
2010622589,431970647,1651768872,1296799384,
2060517782,421660197,704455690,577311881,
1110717799,624401443,760310007,1200074148,
824292393,1376016993,1748008996,324347183,
1936974060,1147396870,456474109,933075701,
662272007,1235104685,1162911558,1339251329,
1052842208,1523550723,167348331,2128078198,
663241844,651661144,372917048,330697762,
1161308102,1549402902,962393494,1573601767,
1338064312,919333028,1184365300,1961918677,
219128141,1373989565,1949082454,1732979082,
1674906685,26422023,1863792494,1516161283,
165851886,730693612,868679202,1848762012,
520036798,932699697,777033380,2018338394,
775515335,1260921518,2070105014,1134333881,
1899630362,518547177,792228321,1960667002,
1609780459,1454563673,1871023767,689517096,
1850869401,1123345129,1744881185,305401768,
1222413064,1093237243,1215186764,1954702822,
1495259209,834485040,1995316534,551068342,
1771935325,900111090,1998177026,393490901,
74133621,1814139118,1103689757,1034643705,
1915921979,105305170,328211721,581597877,
1584002348,855439765,1456653351,132887403,
257056323,749427657,592032300,1504310162,
434701473,1703697873,2075995394,1727196714,
949613716,485994975,1865171612,2012407519,
1668363411,306393470,428349366,1690050326,
1921627098,219145856,1648498606,983278563,
1601991820,113826606,2128884456,1866197846,
876500106,396554990,131888280,1267756501,
483000163,1922074435,1766323836,753760892,
1672574814,231996727,1705412536,1574500867,
1342644359,2017455036,1015346935,369760450,
869002309,302890532,928378346,911611454,
1471560905,506940292,821262564,891957754,
1665658221,1390131814,1701470137,794140359,
525477868,878974533,1778086653,775896175,
221082869,2138711003,767602338,151747313,
805698857,1203244467,827877495,300801775,
1708328030,177515974,1787119195,1629250894,
1598886786,945469560,1511645434,75052926,
443253786,1439983927,1744228288,1404488205,
1980032781,1499420868,133280749,624215409,
1202912605,1706623891,2044925507,1714884753,
2095912477,1341483357,621837317,970328444,
405329267,9881726,1085011472,1504712510,
1945222182,168827913,1667525170,1788171081,
1694177300,138941193,1263844073,1978114066,
488415131,1919841768,1322540044,1810494347,
209214553,865396295,1120975792,2037501347,
29574619,219032364,1909092215,1500809749,
999688792,572943866,353944519,1687672202,
1696117107,477901851,641895509,1961247536,
319810071,1031474181,599246434,1337116043,
492216734,633236704,913213844,293010480,
1728484208,1969361942,1816220054,1767120516,
1533584854,948371582,1932208169,1936256296,
369832675,1183143937,1393356240,1559481872,
1179735656,1703951538,1649778794,1318760823,
1241207368,1749451565,1195296282,1590280354,
1181927271,1933241229,1592256522,1160572391,
1865950241,790278227,1676513070,1032009820,
919731023,968465021,721178556,1909873882,
630858447,1692181122,957110489,990640931,
1821237621,266611280,1688303300,1789836499,
459902653,346990087,1795938925,1423763075,
694966700,178345595,1469799781,843398096,
1922198201,1078015440,1226639429,255799558,
1677251909,1629639181,1359088652,1031345643,
342736375,269903565,1394026329,638991297,
776584191,1017607506,757975736,1899558785,
307417487,2054804257,1754853460,550345132,
2005299612,1801743340,585870707,2026432348,
1896999316,1850970939,579906736,1184946246,
839591040,254223667,1871195087,252603172,
1336950523,1106099724,23651282,1082825183,
316442654,1815080018,483482869,22784726,
1569779560,914753808,185810417,1809027942,
1547844128,457817321,1115344806,820506615,
801859244,235208047,1588765627,2022632521,
920200686,553630095,1423698226,504235225,
295474957,924291047,1203448951,543074908,
293881126,157019108,1096061518,1451350634,
2030498756,1552592584,1830393629,152161202,
1959927556,285946950,916268220,923666098,
109526187,828731050,207396565,197773323,
807215459,891942383,1722683409,1015545596,
91019801,1907696457,1758107007,1104674900,
1876029069,1260764352,1248421521,1474045689,
435491360,1077819089,1375733408,1991076501,
1362440376,1021807429,330115514,943748723,
1260750973,1175870334,2128304656,562516671,
1088528299,1887524149,2075814100,1140743480,
1856957109,1792166745,1280251091,883128446,
1317456757,635113703,1174690878,1523313755,
1108836077,1678052041,704547472,975591452,
869618086,202631415,1741274319,1283217852,
112790651,1712981507,1568142245,1609393938,
478680713,1416942771,160366276,791026602,
1391987716,305558157,245162727,2130374196,
1271774176,2020133828,1524858257,1879378872,
1810743454,31112978,1944544554,424983874,
960795675,254073930,1074738377,71418738,
11167373,2048412318,1224816178,1483616280,
1083799132,1134001717,557452879,1849772730,
1660512607,1048591888,1297868198,1045908990,
2103108137,570032275,1044571359,663599274,
1371669334,695456128,724084060,1167390465,
489985854,325860188,1646360036,2124517896,
1074929655,1916143937,1724751737,291364909,
971573761,187745776,1753726288,368224377,
99096581,1119372857,159895430,1452556996,
1559996889,1071235074,1981562274,361038838,
1839683197,688158128,443559254,448058539,
1543329494,586401796,1839162868,64560269,
385164898,550200327,1875939863,1037079357,
2038494213,1992592721,836468638,1896511380,
171027633,229640797,778125038,16029668,
1699788718,692307409,113070725,1096382728,
905673829,1156164873,947693167,2134358694,
636501625,1833738439,927328827,1133514135,
663169492,1398871000,845958595,250392079,
2140339328,480734357,527355316,223510841,
1742797653,1317954105,955367074,654634748,
2100397564,545776533,46715631,140425894,
367429788,1696020492,359917993,131500536,
2044457727,744492070,1541131028,26245836,
22550131,2008712134,1616675403,867171183,
2106320999,1098895068,1420207432,1450896010,
936612201,1656370920,2023238517,1549366209,
1039720332,1351619378,1890986258,1449938569,
235150303,1176998639,1868871697,1446049101,
1719754900,1436805062,1170623538,278932618,
670795788,430914434,972881934,1959960184,
1438417988,1818685737,1337877128,10335352,
1214221774,1553952582,1597117103,1643336673,
1899994333,1443487529,922427015,529115691,
1600585857,410039300,591403088,1129644679,
914097328,1685053824,1628445656,2013636656,
1920912571,1354982722,275336532,6792565,
323350782,588076177,54673313,2131257560,
711152552,2016204682,1451508332,796984546,
1650232190,1824157040,489501826,1922306176,
1297164179,1971621501,1245613034,1111618167,
932884580,64863531,983448817,258216954,
846491979,1640028531,1568612371,74782968,
291147300,2057957632,2078714396,1410506365,
1182972905,1246120887,1430958366,1161346787,
821797483,133103227,89006887,831653803,
971173319,1213081254,655218050,1759151365,
1022457734,981158586,582636594,179539843,
1825113753,310719057,11342600,1827442097,
1828546871,302794860,125531463,1081285546,
350482264,1343124411,1767984673,1754364330,
648593218,1619818642,1396305186,1184561050,
1093071961,1284309690,1953641782,1565216777,
1897835347,279833667,36138209,1933970156,
806087082,981568257,744285579,1290108607,
1587237114,1323620260,899096339,1306340484,
1870502188,724672396,279259315,642337406,
168797082,1005478678,1377902765,2016532518,
178433737,2139398549,477711902,1579313861,
1981291345,1108556094,1344653239,1359543879,
1330638276,164251055,1311942871,1216988062,
1182236789,1049129486,1412031736,65635968,
912953978,7882926,1111082064,228526742,
2146873093,1250906062,1526572295,1550892188,
1934812413,629320560,1501411593,1707237100,
521164585,877645670,1699203406,1063935284,
452269520,2022492469,1408611643,1493321247,
1383853684,655383645,1844084120,207783004,
1777644782,2104400446,1809991185,846088020,
89280529,487144178,1136213954,1201837573,
1270204387,653746043,239661497,436305096,
146937336,1029464086,1392573378,1838993689,
1897744058,1614840273,1156808423,1964006578,
1020461522,133808902,1217532192,2104777926,
692176346,850057422,1065897825,1354770258,
1051518090,1813110181,1052855846,1042406568,
756105750,139282260,1263031438,1544410691,
1707519197,1137374773,1132606208,759014615,
618000077,117263705,1726336308,2101826433,
1458685242,1440243777,784312266,795743082,
1289360674,1966993243,1936703146,399109660,
958298510,642059045,333644474,648372511,
1768760791,1518380642,329747069,1235303952,
26164677,1099111662,1046118912,763355278,
1641940819,2069035484,1162903921,1768245646,
1530926217,342777397,1022233495,1069307275,
487837148,1478075466,1018757259,789171927,
543258233,1368697174,88915567,63648914,
208874950,654253400,1072580680,410933433,
108641373,612986843,1965413852,691808850,
2123428807,932671396,393375553,1627931054,
227683315,561887104,432006174,1393297603,
415206260,850855346,162305146,1761920947,
668483907,1534612001,1147840114,1007101983,
598168203,59639297,1164814923,1455434380,
1540201120,1661013030,156737390,1583138965,
1596208196,1860509789,1205423804,1096389931,
333422694,445930100,576580194,1045619245,
907928408,851791215,319369427,6038000,
1494204761,80193881,2077148319,1521019119,
735494074,1690337945,94597969,1506473446,
1842933879,820772235,1922554075,231211740,
1331974783,1855216982,551306022,810787833,
1102307098,311861610,1915703943,1808852511,
1212425899,264523475,1182566810,1417877293,
701250570,387480729,1475380108,664553358,
124028105,122498835,1723005937,1281872168,
2075806777,1508495047,147357144,979220537,
941653828,794479776,1666014648,2044610700,
329465246,315567584,511530207,905172510,
210196680,326968511,1071996068,703516177,
2000378497,893785085,1331923113,2044394120,
1549247920,603649907,546040330,2015649519,
4306665,1508051013,765734406,604438174,
1796239488,1966503303,1897290413,1173570792,
2098580229,1342840193,300035351,1911305492,
1896945393,1010906170,466138764,271107030,
2070806149,292674801,1243830746,624364,
716346231,2011603207,685959843,652139136,
1547713505,332287783,342126347,68177244,
1269462187,231698102,488554152,1891894832,
1188082152,1994425637,1656975624,1892635860,
706501728,456697977,1664803009,1858314338,
1398714324,324097451,1956162638,421627490,
1604313027,244751023,1592307702,696315190,
1302260830,1638176765,1214339934,45061770,
1711639293,1397915578,1089078224,1762825374,
1411807542,2088878463,1593699513,453715905,
2074962736,2007570443,241422221,1348467756,
14339853,1711859253,1896144259,1298533835,
1430712635,688175834,332090230,162086735,
1340846354,544839195,190199040,1489251947,
660017901,84249172,265371719,1906290055,
838267675,1960550671,2076103736,1663123991,
7224870,1099302116,586434740,1107455537,
382220600,1622631056,1099851198,1047774016,
817667543,436280637,1790520814,1456175450,
1106814243,236823382,52746331,945254535,
290908138,316465779,1304451072,1411499541,
43716395,1997170037,643498826,536390703,
576681506,1790805903,1889830360,1803502279,
1935204141,1469459231,1735636945,1269211870,
331619186,35097458,692677384,2021678173,
961416627,792824571,1121638185,966107489,
723263661,528921415,824420170,676975820,
799502303,1967549555,706074127,1619186545,
181966701,1926862580,203672036,2066563828,
1935040570,429501184,1527329154,384462370,
206059115,228720829,601059226,1925734162,
1234987536,2100623339,297399059,1704109479,
81060582,2083490910,457466469,2006317969,
937357706,492680730,2048301121,659910896,
1342396879,182778227,202840543,1478463184,
1966926620,1053234397,292435685,162847920,
476718934,803302080,420489833,281142222,
1208818126,1985916445,801126540,1861566019,
1190084038,1125765619,1811817505,686088818,
690156244,1068789848,1188700278,658342909,
968734253,1120983360,1930028281,1093266556,
821845974,1073292861,1986937812,1669116495,
1584592502,36237464,1429659339,110627425,
1351342835,1048345667,807438903,1852850199,
627103058,358031981,1767829439,2131905129,
224958826,1893994324,1911409617,323476066,
485600145,11016542,293881518,563761048,
1166664967,12760129,1884762205,633591891,
1693686359,886181064,1771980714,485314354,
1734002762,1752854706,1997304356,1027748670,
839229628,730657516,269505704,44194005,
538520711,296328519,1871649818,317301667,
1846708990,213334604,1638831949,465193842,
1146601110,1530275738,2079926544,54581955,
1532871443,1024112336,1534710716,1733698927,
337464206,1782049904,42912281,298988991,
194850041,1694275906,239461713,1834024994,
273433967,1594975909,2121101869,2012072732,
52058806,1631703844,1457765961,1057358583,
1043883519,155826854,1599067104,1620728487,
920387143,2138781205,1553155274,1103661656,
1577470940,205967931,322702899,1817881514,
236104903,1882018850,1181642616,316706092,
1588860996,1889499533,1781001986,509485671,
2056468649,522882162,131641537,621333755,
815647497,2058538684,928001860,485356208,
1894606782,1005596276,1133754069,1624514355,
327810224,1334624376,409129229,2043587107,
505405055,1244960265,1160445944,1030793083,
75244103,1878234032,1651202224,564220908,
1254441564,513380209,1327689283,1403408468,
2078220089,440033312,42471375,1820622055,
1656651790,1291743337,1819691708,463856538,
1641780653,1591661690,1064244336,1835566520,
2073625980,1562561085,1133786692,1359588726,
380385130,1638123734,429725006,1522615730,
1705704206,1656392769,33397528,662215783,
1152650470,1196552895,1018086646,543841784,
430821412,1002777705,1730182704,2147475534,
1047722595,1365165116,1720921790,100823885,
404708331,1442051715,76350187,985545651,
1856020017,2098480975,610853909,2105774679,
1500494393,72431621,1268019643,864100863,
118152248,952797910,525050786,2111610738,
1714334656,1842457169,1934429085,922848487,
1778905319,437555736,129171796,754227675,
2118812954,1681807259,1708433399,2098272045,
1545449127,137176372,439357010,1479066384,
1083714833,1208754780,302867776,678241899,
96763266,265637258,1926887389,2102970169,
1007165928,1056617971,1040151155,1670538160,
513820856,2005641283,691000908,1375762489,
1860715661,1381817428,503566987,1733763612,
