1,503566987,1860715661,1040151155,
0,691000908,513820856,1926887389,
1007165928,302867776,1083714833,1708433399,
96763266,439357010,1545449127,129171796,
2118812954,1934429085,1714334656,1268019643,
1778905319,525050786,118152248,610853909,
1500494393,76350187,404708331,1730182704,
1856020017,1720921790,1047722595,1018086646,
430821412,33397528,1705704206,1133786692,
1152650470,429725006,380385130,1064244336,
2073625980,1819691708,1656651790,1327689283,
1641780653,42471375,2078220089,1651202224,
1254441564,1160445944,505405055,1133754069,
75244103,409129229,327810224,928001860,
1894606782,131641537,2056468649,1181642616,
815647497,1781001986,1588860996,322702899,
236104903,1553155274,920387143,1457765961,
1577470940,1599067104,1043883519,2121101869,
52058806,239461713,194850041,1534710716,
273433967,42912281,337464206,2079926544,
1532871443,1638831949,1846708990,269505704,
1146601110,1871649818,538520711,1997304356,
839229628,1771980714,1693686359,293881518,
1734002762,1884762205,1166664967,1911409617,
485600145,1767829439,627103058,1429659339,
224958826,807438903,1351342835,1986937812,
1584592502,1930028281,968734253,1811817505,
821845974,1188700278,690156244,801126540,
1190084038,420489833,476718934,202840543,
1208818126,292435685,1966926620,2048301121,
1342396879,457466469,81060582,601059226,
937357706,297399059,1234987536,1527329154,
206059115,203672036,181966701,824420170,
1935040570,706074127,799502303,1121638185,
723263661,692677384,331619186,1889830360,
961416627,1735636945,1935204141,643498826,
576681506,1304451072,290908138,1790520814,
43716395,52746331,1106814243,1099851198,
817667543,586434740,7224870,265371719,
382220600,2076103736,838267675,190199040,
660017901,332090230,1430712635,241422221,
1340846354,1896144259,14339853,1593699513,
2074962736,1089078224,1711639293,1592307702,
1411807542,1214339934,1302260830,1956162638,
1604313027,1664803009,706501728,488554152,
1398714324,1656975624,1188082152,342126347,
1269462187,685959843,716346231,466138764,
1547713505,1243830746,2070806149,300035351,
1896945393,1897290413,1796239488,546040330,
2098580229,765734406,4306665,1331923113,
1549247920,1071996068,210196680,1666014648,
2000378497,511530207,329465246,147357144,
941653828,1723005937,124028105,1182566810,
2075806777,1475380108,701250570,1915703943,
1212425899,551306022,1331974783,94597969,
1102307098,1922554075,1842933879,2077148319,
735494074,319369427,907928408,1205423804,
1494204761,576580194,333422694,156737390,
1596208196,1164814923,598168203,162305146,
1540201120,1147840114,668483907,432006174,
415206260,393375553,2123428807,1072580680,
227683315,1965413852,108641373,88915567,
208874950,1018757259,487837148,1162903921,
543258233,1022233495,1530926217,1046118912,
1641940819,329747069,1768760791,1936703146,
26164677,333644474,958298510,784312266,
1289360674,1726336308,618000077,1263031438,
1458685242,1132606208,1707519197,1052855846,
756105750,1065897825,692176346,1156808423,
1051518090,1217532192,1020461522,1392573378,
1897744058,239661497,1270204387,1809991185,
146937336,1136213954,89280529,1844084120,
1777644782,1408611643,452269520,1501411593,
1383853684,1699203406,521164585,1526572295,
1934812413,1111082064,912953978,1311942871,
2146873093,1412031736,1182236789,1344653239,
1330638276,477711902,178433737,279259315,
1981291345,1377902765,168797082,899096339,
1870502188,744285579,806087082,1953641782,
1587237114,36138209,1897835347,1396305186,
1093071961,1767984673,350482264,11342600,
648593218,125531463,1828546871,582636594,
1825113753,655218050,971173319,1430958366,
1022457734,89006887,821797483,2078714396,
1182972905,1568612371,846491979,1245613034,
291147300,983448817,932884580,489501826,
1297164179,1451508332,711152552,275336532,
1650232190,54673313,323350782,1628445656,
1920912571,591403088,1600585857,1597117103,
914097328,922427015,1899994333,1337877128,
1214221774,972881934,670795788,1868871697,
1438417988,1170623538,1719754900,1890986258,
235150303,2023238517,936612201,1616675403,
1039720332,1420207432,2106320999,1541131028,
22550131,359917993,367429788,955367074,
2044457727,46715631,2100397564,527355316,
1742797653,845958595,663169492,947693167,
2140339328,927328827,636501625,113070725,
905673829,778125038,171027633,1875939863,
1699788718,836468638,2038494213,1839162868,
385164898,443559254,1839683197,159895430,
1543329494,1981562274,1559996889,1753726288,
99096581,1724751737,1074929655,724084060,
971573761,1646360036,489985854,1044571359,
1371669334,1297868198,1660512607,1224816178,
2103108137,557452879,1083799132,1074738377,
11167373,1944544554,1810743454,245162727,
960795675,1524858257,1271774176,160366276,
1391987716,1568142245,112790651,704547472,
478680713,1741274319,869618086,1174690878,
1108836077,1280251091,1856957109,2128304656,
1317456757,2075814100,1088528299,330115514,
1260750973,1375733408,435491360,1758107007,
1362440376,1248421521,1876029069,1722683409,
91019801,207396565,109526187,1830393629,
807215459,916268220,1959927556,1096061518,
2030498756,1203448951,295474957,1588765627,
293881126,1423698226,920200686,1115344806,
801859244,185810417,1569779560,23651282,
1547844128,483482869,316442654,1871195087,
1336950523,579906736,1896999316,1754853460,
839591040,585870707,2005299612,757975736,
307417487,1394026329,342736375,1226639429,
776584191,1359088652,1677251909,1469799781,
1922198201,1795938925,459902653,957110489,
694966700,1688303300,1821237621,721178556,
630858447,1676513070,1865950241,1195296282,
919731023,1592256522,1181927271,1649778794,
1241207368,1393356240,369832675,1816220054,
1179735656,1932208169,1533584854,913213844,
1728484208,599246434,319810071,353944519,
492216734,641895509,1696117107,1909092215,
999688792,1120975792,209214553,1263844073,
29574619,1322540044,488415131,1667525170,
1694177300,1085011472,405329267,2044925507,
1945222182,621837317,2095912477,133280749,
1202912605,1744228288,443253786,1787119195,
1980032781,1511645434,1598886786,827877495,
1708328030,767602338,221082869,1701470137,
805698857,1778086653,525477868,821262564,
1665658221,928378346,869002309,1705412536,
1471560905,1015346935,1342644359,1766323836,
1672574814,131888280,876500106,1648498606,
483000163,2128884456,1601991820,428349366,
1921627098,1865171612,949613716,592032300,
1668363411,2075995394,434701473,1456653351,
257056323,328211721,1915921979,1998177026,
1584002348,1103689757,74133621,1995316534,
1771935325,1215186764,1222413064,1871023767,
1495259209,1744881185,1850869401,792228321,
1609780459,2070105014,775515335,868679202,
1899630362,777033380,520036798,1863792494,
165851886,1949082454,219128141,962393494,
1674906685,1184365300,1338064312,372917048,
1161308102,167348331,1052842208,456474109,
663241844,1162911558,662272007,1748008996,
1936974060,760310007,1110717799,1651768872,
824292393,704455690,2060517782,112327533,
2010622589,412514780,304978810,1030159217,
1051111168,818802310,844472455,1917912300,
228509164,61235165,1798839503,1571764680,
14530030,1223228940,1399549174,1768309665,
847019487,48935246,1953903753,1903656131,
1808425754,1277251877,538351903,157701354,
566492308,1863155357,308284219,933993899,
1379798146,2082375573,1628265625,157882847,
1355251086,707397755,158317739,1797543406,
690645907,1340423065,379161111,1283966886,
1792244284,713972189,1381233804,733424530,
36557796,691797653,695839670,1079153585,
2080201937,146714283,163628149,1547144600,
986818356,1282939002,645526002,43852294,
1538255603,1928999498,908869364,997880953,
827893883,1712988419,925136221,1913931802,
2057286770,506246859,280795915,991763386,
1867043048,1465645892,1399189610,425575340,
1014093253,1982805142,671648967,226528666,
2137011181,227944340,1047841043,651941951,
1506996550,1261210341,1829434854,2024766302,
180537048,1694394381,803394615,859666256,
750301505,321840149,1675792836,628171342,
1887689736,233119959,1069335881,912206704,
144960382,1005366020,1629675326,1731567652,
1291846151,1060970092,1232643178,1282688284,
252929270,1448319187,131929016,35244662,
1353673049,348860563,1088093947,262539044,
2014222193,254284001,1636208778,118764512,
1129747640,1480717303,230147405,1061001184,
773269826,183270873,23529063,1283969650,
1497320978,1037940949,1992719817,712427122,
971687468,1438454723,1755077572,306425233,
1985888330,312193502,1785935532,1445476898,
194696271,259768621,1745335768,588507960,
567259857,1602501020,482245636,1080034394,
289736590,1538565266,559111754,954349958,
586596361,926878214,100455393,1258360621,
646472173,1233202406,826583232,1736717311,
877294821,663067599,667899701,1218420046,
1243631942,257063292,416718489,623696583,
763141024,1192821471,116676339,634980377,
853979252,90980395,1635425083,561932568,
1113159341,556634589,1328470776,568707271,
142353972,1563629315,1753695958,401904843,
1716479367,1879656373,1278375844,2090985855,
2066574751,1119352987,325390167,1666446233,
639814482,277348337,1893418270,379309205,
1167574449,1855744853,473573923,1673377282,
2047982146,486824142,348680891,1594113487,
1563928157,25636412,965637075,2065759030,
849605071,1582683290,1329034097,1997776235,
1567211821,897697399,1258358575,1068243131,
1742474481,1366894167,1155135797,1939781311,
951261442,1350282773,1030958582,982875175,
1879385002,50201942,1510014969,1679314735,
1224028753,307844838,815758523,984257042,
1213823131,1082079199,720407523,363753150,
472916039,1232024869,588434843,1550009808,
952794586,1919824717,1283721580,1892920908,
494423956,572267723,1561147364,82601404,
503440359,1218279471,223601085,1803672741,
1195953466,1570767198,584285950,44947064,
1241102496,319068854,1007168592,1821781710,
568454352,1307738231,1771119724,1366725626,
664371607,1825872225,1513642401,2139008232,
1309288441,127190109,1768413433,1919833949,
373229752,1912703776,937825374,1471019820,
1872242838,792580300,319230240,36944616,
1262725055,952483748,1381734966,1805134467,
1916987415,1633303011,162167819,1377108989,
271138064,2136125588,1820569897,1546726436,
505392533,1756927427,1471522696,1404623746,
23190583,1062086641,5984804,1403186971,
528066207,708565121,1334553777,205016291,
951582730,387131132,1187258546,619219874,
1523145905,960401120,1705380039,399203205,
569671423,685399033,286175525,1385733643,
1872514139,1538181526,1869618388,681019904,
1928688577,1582015869,1742237007,1050562894,
311506047,1122435176,314844045,1384513101,
581552364,154056486,834528407,1559051396,
141956360,2052969372,128249989,1074615920,
1977033713,479531466,1969040068,1482923408,
1297137910,71189833,900575658,1493446997,
270805225,453442926,108816532,841488250,
327982285,1424457135,133468241,1829976974,
1945307082,765894238,1315700354,1023432999,
1495178120,1079014822,1196625210,2120368144,
1505664083,947800685,378379442,152936743,
605970061,1643521437,1854097760,1896950973,
1530121874,977138863,1693288618,1329380133,
352202138,288974552,1563807877,740690045,
2115344576,1517538496,780234423,299375854,
229044792,1614803609,445070664,726119404,
1066848801,860272042,591761826,797568977,
609847060,454160100,1125644899,1233888212,
2066300568,189012400,1515716306,1235602211,
1556715293,930878257,2090540399,71968342,
978592373,1817739237,2110286015,1788481485,
1658232706,1373559505,1735736780,1411519366,
608020784,1645050813,1439889217,511159545,
1647103293,313900542,530484151,432827309,
269176336,1976015437,820457140,1292613317,
1663931155,1945223245,1761989488,220634164,
1248630504,952902100,1616578965,410462136,
378535762,1889273727,1425432032,1611266254,
1207781610,1333065028,943993029,362579922,
468595421,1247488531,1198118496,235340430,
2140831583,1899212818,1223113096,1873323840,
1380714367,610798380,220150826,559652677,
1249976217,216901340,613101361,602761527,
1961876852,2046859376,228916482,1924372210,
1275510060,1550837673,1658851911,1625906632,
477953613,493432691,68306050,1539787797,
2022380190,1625585048,528146694,614545848,
2125837626,1839687477,1158829896,931805690,
902393831,475589113,1472366487,302808419,
1611588241,2093509219,1559656116,1970070040,
1816984742,1589429554,735138967,427004004,
1842904253,1816310048,1722947151,2143207758,
1859729620,1621124943,1174374599,1489146664,
1398069297,1699686235,2094422032,1591388166,
1397384897,1983086613,716330842,921250154,
1155932033,403779142,379221550,1966891180,
1756306621,1810658787,1701879078,1151820295,
311689836,1924525515,1437295970,1211656195,
1434706457,1211242139,997507243,143914616,
1747663579,692406812,1990992205,666827158,
1080796244,773364416,1649258881,480122259,
408478793,544329973,1057440713,216840903,
262191051,1938346487,1701154648,1938481437,
926140795,44265284,1437032155,1309307044,
899447368,1406440983,693561035,861162139,
1122865474,556855406,215018081,1249733305,
172817743,1149966698,722718649,1380833662,
431864698,2047790390,1803808662,876198877,
903249782,1270999951,1645696654,15456001,
1326503162,6836313,72309648,1197658840,
1362518885,296363260,2020345262,260264410,
1433833806,1705746093,385357684,1505088377,
1557856411,377214589,385770354,1415564669,
508995768,1740485450,3313627,1986496250,
2058078381,821939213,117245479,1343218696,
1729086789,1347514932,1940031685,23814109,
1511912845,719684621,3205719,751870769,
1276547035,2045330113,1315909890,1645349792,
1514613395,1008305337,1538525041,155439512,
1073364905,1612151279,708510784,2084983615,
95898502,327306424,1696342665,2085958191,
477700432,1059427478,1597879481,794611004,
1361499402,1436916562,1738087508,1738992937,
1172172491,418366308,991572137,1761879705,
1616257580,1344831384,1612812875,1462166590,
328267072,1903184645,2059804618,1043191403,
484667533,1767309139,601035234,994986041,
1987278748,1755787299,2147146003,1683681542,
1523784867,1264099044,684034421,1217110523,
1802066642,609879011,420849488,1464636147,
1988358717,355233249,1161075542,1296442485,
1674294331,2009686899,418284742,2103766783,
599944782,1936646835,485116745,1137192951,
1133522282,1943660651,1228460815,1657858136,
280947147,968309787,311164457,821216033,
54243401,1282569982,1108899885,458705098,
1123074956,100672017,1145997984,1652673806,
1001031510,1709196881,720105278,40658794,
1838666967,1308608470,1704907726,242530022,
370490213,1758269887,156879032,1689479966,
22852792,1638462067,173950722,874529160,
1730666434,1923134377,1104456347,1689811753,
2110668387,763632321,493492138,1179385007,
1992480163,652172240,730276767,41296148,
1958427555,2070867729,1715315749,1637811529,
1185226044,2035788780,1695489261,2038018090,
1788623924,34030962,282574120,292283950,
1544512661,854373468,720201341,773161925,
355946256,1521313444,1641671059,109144217,
81378258,1874023546,1169876002,1493693832,
1357626641,738664895,1431321942,1573078736,
1118693864,1581919630,1512631632,698833172,
1908738902,372197734,1691057927,144936160,
1236765960,1473208020,1530114106,1670567222,
557591127,902388122,1765892934,1259879494,
33765071,1604447241,1344371661,741954506,
1523499307,1274047332,611002586,765722962,
655387905,248166316,593567753,571111951,
1395419301,1193549468,424276694,1718671940,
1955658225,1539653908,871002989,52030252,
150841245,1105604162,1464906066,2072244974,
76248066,1758919389,1725207692,20565772,
2013843333,334293009,1303729247,806631113,
1887247942,1052067605,1155743395,787795087,
224544434,2064872520,1475123148,820525757,
1038945916,3092408,503366787,875645284,
134155457,2067942165,2105106391,1168828360,
750728830,2093672741,461323525,1182848846,
2109651248,22928322,434653027,578192212,
1250632853,1594950501,1215555130,332975946,
375505490,1592537860,1349293895,1955742888,
907898048,476532631,1870847184,1327872708,
1906908591,1496261410,835337550,1412509076,
1603661239,449356510,1195560248,1898817971,
1398285837,1666827439,629444410,1518947602,
771969325,3972798,1221670702,112668783,
518549177,240861261,1110923914,1083531373,
928236221,1880944135,1800959645,177427801,
1594495101,1390805035,987983303,309711303,
699919804,992606748,2090521218,936372969,
881537256,1996639350,2012847792,181203823,
1949783546,397573066,1686868922,1405126336,
1067683608,2147240121,1878971585,550996216,
996212859,1058721518,107381715,1920005082,
1006487271,1218313310,1709106116,2071558864,
354138878,1817122397,1316007039,282073020,
1481771921,1936372854,646213083,500319173,
12850649,1466538973,1271822776,1482539536,
60470733,1861368108,944487198,2002980316,
1916124599,1696104916,1976079637,957015484,
187158958,824930801,1605016379,1023777691,
1780340972,311307961,2113546644,199135653,
771158281,677079024,1583279963,802288636,
672775513,429885155,1304786984,693881338,
1648277970,707240782,475114999,486964597,
445088861,1838523055,1818030451,184370744,
2028554671,1677800914,1183201954,1658019809,
1415090252,860006804,1975825834,1000129237,
2112881577,316138729,777857221,1402078469,
252664940,1414194184,941197303,681136045,
331345608,76451344,1453567707,836011626,
1647516670,852861112,1235122278,431170585,
143051046,1433399681,1951969396,229016085,
1187463324,1569101254,764995736,756139388,
180872201,315505515,1006369163,2141093796,
834535867,131133681,1002664045,1299392484,
222141861,1543573984,866470580,1887301185,
1348897805,967909677,1585301621,181738647,
373674889,1779080247,948918979,564294367,
477465227,347483758,769129305,1640547065,
1464821634,40348613,248713653,1024218559,
2109617545,1388892024,5704135,916003945,
1549456719,1119289884,298396195,1342670742,
1553669210,1105564296,1160818576,1054099465,
736262640,405498670,629485005,1442795668,
624005278,1936158722,789625486,1480246593,
1505489808,388555770,1567249123,459994542,
289861504,1893046315,1044363195,1902005962,
2059253359,1913750797,39788576,1942788355,
2102671854,897452304,1876829074,2046488213,
1765328741,11831538,2038538847,1806412833,
1925205788,1159588203,1536875846,179259631,
278287463,1614703845,1146921693,348816556,
285425617,1181446671,2869923,897355916,
117558271,152740096,1448218795,2010752083,
1050440434,2080791919,1348174770,1598447676,
1741011703,370246193,1549111472,1604844677,
436869964,2088386361,874958199,469723570,
1650151594,703934911,1974305174,834927398,
2079025011,1177245792,122458904,1582045244,
2137679949,2021071234,21993653,190649003,
79264564,649083960,1021883743,1751076158,
297371516,1536918656,1417722439,1125557233,
2109066236,1888641050,1951436412,639664067,
506023947,1199537838,331071866,1508766774,
151625244,983314160,1320145062,460053051,
80016035,1477676915,835841575,2095344708,
1756768506,882274681,575880617,1090968006,
1678097410,415084377,827660061,23450434,
1502162861,1614178155,282585615,780310557,
1309305588,733228305,1618180825,1905337056,
621205469,765317425,1209625310,2085923931,
383956264,58775908,632162535,1496162751,
1058023866,865936231,742916577,1639215324,
1200205783,1600839154,1125132262,1819107813,
1506666447,288147372,1249845546,691416708,
445356670,604643640,522927853,1012214325,
1964232216,602097212,691115186,929427098,
605622498,80730894,93814931,381176408,
76236136,944217688,158858466,1420072547,
1765366071,1888484876,151154675,1873538575,
1241641801,789099643,914143749,1061501245,
452719452,167837312,1599306724,1979084461,
1370602608,1641372108,200954120,415093250,
1664948088,1681686007,1005143651,1492863631,
777615839,1028986868,1674995220,809568282,
409036891,1100116466,1644424302,522221302,
324037566,1364888073,1305840284,1747560,
784723556,53742727,553107215,1293558627,
1831773131,859480623,1337139851,1184606090,
670299624,191906992,1445245006,1138851780,
579625837,28902315,1899165779,101808551,
1690787918,2142799605,1554596307,2054815690,
1377807572,56345915,1477608714,579800216,
1537633297,1156364961,464877591,1286742604,
1538500177,1011622764,1239894911,677317080,
801147693,1479405548,144964559,32276739,
1735572209,1997885744,1105152509,228242791,
1288831830,1470578305,561586750,590901419,
1082787046,469270898,561757501,234951540,
2133873350,1465420244,822337931,891629124,
48433656,1846622379,1617539376,1069498019,
600344208,461984845,610229656,1009946306,
1707029466,1841851413,1261641770,1489100386,
428162150,1878022788,227866852,65184104,
1659795,962195439,330623826,1146756794,
630678812,816861480,1556867790,374588274,
1895558694,1909566890,1224648224,574550790,
636875771,1153075686,1249423172,1214537407,
1481025514,383365507,119828717,686114302,
476376938,667846842,1429988171,937197687,
1204564734,774034305,1001272228,798460235,
402099265,30665296,1330616422,1413019784,
1915998163,1579380065,1612994081,343737552,
2029856646,1902751589,286741612,922297030,
1644164930,983800615,413184613,242654899,
820860779,94602363,629493367,977119029,
1804060548,1238805575,1183241039,405655781,
844077556,1679305002,560156510,1070779035,
1118217466,1150392063,2102396700,292360381,
863739844,1095191113,505553003,1503347157,
389047402,1060762622,61225600,1341765177,
159183310,1745907272,331799345,2045403661,
1263730590,1351515868,645615217,716975358,
1796741361,520865994,1013627704,933824906,
632096738,1494255149,154767783,816261758,
874682404,1087279616,505194285,2042759073,
734695164,777460670,1417732832,45627876,
301727458,1976220733,1638699162,1648471087,
723947375,290474917,1478686188,1023121791,
1263545718,1299930824,2100253908,851720510,
578660954,155190130,1068477053,1006918133,
152276873,1030627222,1520967529,195459399,
881039712,1667663644,1539509803,1504989501,
1815661226,1900124419,792448505,1033466399,
1087709109,2120669042,1011064762,1471484116,
37656326,1431691136,1890940799,228330423,
1343394662,406574417,841184532,206945251,
178483918,638441590,1277425827,947191107,
2085743640,1054202282,678910279,1340207616,
812986380,815969074,271752159,1625234864,
425992587,1930230499,1838657961,1753406861,
1314570319,1137216579,1894222485,393587912,
844222273,595210638,1336172189,759557886,
269141577,1254714551,812279519,494332398,
1301634420,626688771,423394391,1479744410,
937925053,283771941,1641172734,1122297952,
1854234209,563323855,723998354,416607008,
1637799161,1553803889,818141612,1779834361,
741722128,719876093,1140616505,1470108312,
235137743,1188243243,1740922659,872272897,
989947986,1353051527,1843174581,969485373,
1243190338,1330765345,1060430970,729216989,
1337278924,891859161,1185090952,1416349491,
1379087939,1028311845,2112540743,2115990739,
32768,2115990739,2112540743,1028311845,
32768,1416349491,1185090952,891859161,
1379087939,729216989,1060430970,1330765345,
1337278924,969485373,1843174581,1353051527,
1243190338,872272897,1740922659,1188243243,
989947986,1470108312,1140616505,719876093,
235137743,1779834361,818141612,1553803889,
741722128,416607008,723998354,563323855,
1637799161,1122297952,1641172734,283771941,
1854234209,1479744410,423394391,626688771,
937925053,494332398,812279519,1254714551,
1301634420,759557886,1336172189,595210638,
269141577,393587912,1894222485,1137216579,
844222273,1753406861,1838657961,1930230499,
1314570319,1625234864,271752159,815969074,
425992587,1340207616,678910279,1054202282,
812986380,947191107,1277425827,638441590,
2085743640,206945251,841184532,406574417,
178483918,228330423,1890940799,1431691136,
1343394662,1471484116,1011064762,2120669042,
37656326,1033466399,792448505,1900124419,
1087709109,1504989501,1539509803,1667663644,
1815661226,195459399,1520967529,1030627222,
881039712,1006918133,1068477053,155190130,
152276873,851720510,2100253908,1299930824,
578660954,1023121791,1478686188,290474917,
1263545718,1648471087,1638699162,1976220733,
723947375,45627876,1417732832,777460670,
301727458,2042759073,505194285,1087279616,
734695164,816261758,154767783,1494255149,
874682404,933824906,1013627704,520865994,
632096738,716975358,645615217,1351515868,
1796741361,2045403661,331799345,1745907272,
1263730590,1341765177,61225600,1060762622,
159183310,1503347157,505553003,1095191113,
389047402,292360381,2102396700,1150392063,
863739844,1070779035,560156510,1679305002,
1118217466,405655781,1183241039,1238805575,
844077556,977119029,629493367,94602363,
1804060548,242654899,413184613,983800615,
820860779,922297030,286741612,1902751589,
1644164930,343737552,1612994081,1579380065,
2029856646,1413019784,1330616422,30665296,
1915998163,798460235,1001272228,774034305,
402099265,937197687,1429988171,667846842,
1204564734,686114302,119828717,383365507,
476376938,1214537407,1249423172,1153075686,
1481025514,574550790,1224648224,1909566890,
636875771,374588274,1556867790,816861480,
1895558694,1146756794,330623826,962195439,
630678812,65184104,227866852,1878022788,
1659795,1489100386,1261641770,1841851413,
428162150,1009946306,610229656,461984845,
1707029466,1069498019,1617539376,1846622379,
600344208,891629124,822337931,1465420244,
48433656,234951540,561757501,469270898,
2133873350,590901419,561586750,1470578305,
1082787046,228242791,1105152509,1997885744,
1288831830,32276739,144964559,1479405548,
1735572209,677317080,1239894911,1011622764,
801147693,1286742604,464877591,1156364961,
1538500177,579800216,1477608714,56345915,
1537633297,2054815690,1554596307,2142799605,
1377807572,101808551,1899165779,28902315,
1690787918,1138851780,1445245006,191906992,
579625837,1184606090,1337139851,859480623,
670299624,1293558627,553107215,53742727,
1831773131,1747560,1305840284,1364888073,
784723556,522221302,1644424302,1100116466,
324037566,809568282,1674995220,1028986868,
409036891,1492863631,1005143651,1681686007,
777615839,415093250,200954120,1641372108,
1664948088,1979084461,1599306724,167837312,
1370602608,1061501245,914143749,789099643,
452719452,1873538575,151154675,1888484876,
1241641801,1420072547,158858466,944217688,
1765366071,381176408,93814931,80730894,
76236136,929427098,691115186,602097212,
605622498,1012214325,522927853,604643640,
1964232216,691416708,1249845546,288147372,
445356670,1819107813,1125132262,1600839154,
1506666447,1639215324,742916577,865936231,
1200205783,1496162751,632162535,58775908,
1058023866,2085923931,1209625310,765317425,
383956264,1905337056,1618180825,733228305,
621205469,780310557,282585615,1614178155,
1309305588,23450434,827660061,415084377,
1502162861,1090968006,575880617,882274681,
1678097410,2095344708,835841575,1477676915,
1756768506,460053051,1320145062,983314160,
80016035,1508766774,331071866,1199537838,
151625244,639664067,1951436412,1888641050,
506023947,1125557233,1417722439,1536918656,
2109066236,1751076158,1021883743,649083960,
297371516,190649003,21993653,2021071234,
79264564,1582045244,122458904,1177245792,
2137679949,834927398,1974305174,703934911,
2079025011,469723570,874958199,2088386361,
1650151594,1604844677,1549111472,370246193,
436869964,1598447676,1348174770,2080791919,
1741011703,2010752083,1448218795,152740096,
1050440434,897355916,2869923,1181446671,
117558271,348816556,1146921693,1614703845,
285425617,179259631,1536875846,1159588203,
278287463,1806412833,2038538847,11831538,
1925205788,2046488213,1876829074,897452304,
1765328741,1942788355,39788576,1913750797,
2102671854,1902005962,1044363195,1893046315,
2059253359,459994542,1567249123,388555770,
289861504,1480246593,789625486,1936158722,
1505489808,1442795668,629485005,405498670,
624005278,1054099465,1160818576,1105564296,
736262640,1342670742,298396195,1119289884,
1553669210,916003945,5704135,1388892024,
1549456719,1024218559,248713653,40348613,
2109617545,1640547065,769129305,347483758,
1464821634,564294367,948918979,1779080247,
477465227,181738647,1585301621,967909677,
373674889,1887301185,866470580,1543573984,
1348897805,1299392484,1002664045,131133681,
222141861,2141093796,1006369163,315505515,
834535867,756139388,764995736,1569101254,
180872201,229016085,1951969396,1433399681,
1187463324,431170585,1235122278,852861112,
143051046,836011626,1453567707,76451344,
1647516670,681136045,941197303,1414194184,
331345608,1402078469,777857221,316138729,
252664940,1000129237,1975825834,860006804,
2112881577,1658019809,1183201954,1677800914,
1415090252,184370744,1818030451,1838523055,
2028554671,486964597,475114999,707240782,
445088861,693881338,1304786984,429885155,
1648277970,802288636,1583279963,677079024,
672775513,199135653,2113546644,311307961,
771158281,1023777691,1605016379,824930801,
1780340972,957015484,1976079637,1696104916,
187158958,2002980316,944487198,1861368108,
1916124599,1482539536,1271822776,1466538973,
60470733,500319173,646213083,1936372854,
12850649,282073020,1316007039,1817122397,
1481771921,2071558864,1709106116,1218313310,
354138878,1920005082,107381715,1058721518,
1006487271,550996216,1878971585,2147240121,
996212859,1405126336,1686868922,397573066,
1067683608,181203823,2012847792,1996639350,
1949783546,936372969,2090521218,992606748,
881537256,309711303,987983303,1390805035,
699919804,177427801,1800959645,1880944135,
1594495101,1083531373,1110923914,240861261,
928236221,112668783,1221670702,3972798,
518549177,1518947602,629444410,1666827439,
771969325,1898817971,1195560248,449356510,
1398285837,1412509076,835337550,1496261410,
1603661239,1327872708,1870847184,476532631,
1906908591,1955742888,1349293895,1592537860,
907898048,332975946,1215555130,1594950501,
375505490,578192212,434653027,22928322,
1250632853,1182848846,461323525,2093672741,
2109651248,1168828360,2105106391,2067942165,
750728830,875645284,503366787,3092408,
134155457,820525757,1475123148,2064872520,
1038945916,787795087,1155743395,1052067605,
224544434,806631113,1303729247,334293009,
1887247942,20565772,1725207692,1758919389,
2013843333,2072244974,1464906066,1105604162,
76248066,52030252,871002989,1539653908,
150841245,1718671940,424276694,1193549468,
1955658225,571111951,593567753,248166316,
1395419301,765722962,611002586,1274047332,
655387905,741954506,1344371661,1604447241,
1523499307,1259879494,1765892934,902388122,
33765071,1670567222,1530114106,1473208020,
557591127,144936160,1691057927,372197734,
1236765960,698833172,1512631632,1581919630,
1908738902,1573078736,1431321942,738664895,
1118693864,1493693832,1169876002,1874023546,
1357626641,109144217,1641671059,1521313444,
81378258,773161925,720201341,854373468,
355946256,292283950,282574120,34030962,
1544512661,2038018090,1695489261,2035788780,
1788623924,1637811529,1715315749,2070867729,
1185226044,41296148,730276767,652172240,
1958427555,1179385007,493492138,763632321,
1992480163,1689811753,1104456347,1923134377,
2110668387,874529160,173950722,1638462067,
1730666434,1689479966,156879032,1758269887,
22852792,242530022,1704907726,1308608470,
370490213,40658794,720105278,1709196881,
1838666967,1652673806,1145997984,100672017,
1001031510,458705098,1108899885,1282569982,
1123074956,821216033,311164457,968309787,
54243401,1657858136,1228460815,1943660651,
280947147,1137192951,485116745,1936646835,
1133522282,2103766783,418284742,2009686899,
599944782,1296442485,1161075542,355233249,
1674294331,1464636147,420849488,609879011,
1988358717,1217110523,684034421,1264099044,
1802066642,1683681542,2147146003,1755787299,
1523784867,994986041,601035234,1767309139,
1987278748,1043191403,2059804618,1903184645,
484667533,1462166590,1612812875,1344831384,
328267072,1761879705,991572137,418366308,
1616257580,1738992937,1738087508,1436916562,
1172172491,794611004,1597879481,1059427478,
1361499402,2085958191,1696342665,327306424,
477700432,2084983615,708510784,1612151279,
95898502,155439512,1538525041,1008305337,
1073364905,1645349792,1315909890,2045330113,
1514613395,751870769,3205719,719684621,
1276547035,23814109,1940031685,1347514932,
1511912845,1343218696,117245479,821939213,
1729086789,1986496250,3313627,1740485450,
2058078381,1415564669,385770354,377214589,
508995768,1505088377,385357684,1705746093,
1557856411,260264410,2020345262,296363260,
1433833806,1197658840,72309648,6836313,
1362518885,15456001,1645696654,1270999951,
1326503162,876198877,1803808662,2047790390,
903249782,1380833662,722718649,1149966698,
431864698,1249733305,215018081,556855406,
172817743,861162139,693561035,1406440983,
1122865474,1309307044,1437032155,44265284,
899447368,1938481437,1701154648,1938346487,
926140795,216840903,1057440713,544329973,
262191051,480122259,1649258881,773364416,
408478793,666827158,1990992205,692406812,
1080796244,143914616,997507243,1211242139,
1747663579,1211656195,1437295970,1924525515,
1434706457,1151820295,1701879078,1810658787,
311689836,1966891180,379221550,403779142,
1756306621,921250154,716330842,1983086613,
1155932033,1591388166,2094422032,1699686235,
1397384897,1489146664,1174374599,1621124943,
1398069297,2143207758,1722947151,1816310048,
1859729620,427004004,735138967,1589429554,
1842904253,1970070040,1559656116,2093509219,
1816984742,302808419,1472366487,475589113,
1611588241,931805690,1158829896,1839687477,
902393831,614545848,528146694,1625585048,
2125837626,1539787797,68306050,493432691,
2022380190,1625906632,1658851911,1550837673,
477953613,1924372210,228916482,2046859376,
1275510060,602761527,613101361,216901340,
1961876852,559652677,220150826,610798380,
1249976217,1873323840,1223113096,1899212818,
1380714367,235340430,1198118496,1247488531,
2140831583,362579922,943993029,1333065028,
468595421,1611266254,1425432032,1889273727,
1207781610,410462136,1616578965,952902100,
378535762,220634164,1761989488,1945223245,
1248630504,1292613317,820457140,1976015437,
1663931155,432827309,530484151,313900542,
269176336,511159545,1439889217,1645050813,
1647103293,1411519366,1735736780,1373559505,
608020784,1788481485,2110286015,1817739237,
1658232706,71968342,2090540399,930878257,
978592373,1235602211,1515716306,189012400,
1556715293,1233888212,1125644899,454160100,
2066300568,797568977,591761826,860272042,
609847060,726119404,445070664,1614803609,
1066848801,299375854,780234423,1517538496,
229044792,740690045,1563807877,288974552,
2115344576,1329380133,1693288618,977138863,
352202138,1896950973,1854097760,1643521437,
1530121874,152936743,378379442,947800685,
605970061,2120368144,1196625210,1079014822,
1505664083,1023432999,1315700354,765894238,
1495178120,1829976974,133468241,1424457135,
1945307082,841488250,108816532,453442926,
327982285,1493446997,900575658,71189833,
270805225,1482923408,1969040068,479531466,
1297137910,1074615920,128249989,2052969372,
1977033713,1559051396,834528407,154056486,
141956360,1384513101,314844045,1122435176,
581552364,1050562894,1742237007,1582015869,
311506047,681019904,1869618388,1538181526,
1928688577,1385733643,286175525,685399033,
1872514139,399203205,1705380039,960401120,
569671423,619219874,1187258546,387131132,
1523145905,205016291,1334553777,708565121,
951582730,1403186971,5984804,1062086641,
528066207,1404623746,1471522696,1756927427,
23190583,1546726436,1820569897,2136125588,
505392533,1377108989,162167819,1633303011,
271138064,1805134467,1381734966,952483748,
1916987415,36944616,319230240,792580300,
1262725055,1471019820,937825374,1912703776,
1872242838,1919833949,1768413433,127190109,
373229752,2139008232,1513642401,1825872225,
1309288441,1366725626,1771119724,1307738231,
664371607,1821781710,1007168592,319068854,
568454352,44947064,584285950,1570767198,
1241102496,1803672741,223601085,1218279471,
1195953466,82601404,1561147364,572267723,
503440359,1892920908,1283721580,1919824717,
494423956,1550009808,588434843,1232024869,
952794586,363753150,720407523,1082079199,
472916039,984257042,815758523,307844838,
1213823131,1679314735,1510014969,50201942,
1224028753,982875175,1030958582,1350282773,
1879385002,1939781311,1155135797,1366894167,
951261442,1068243131,1258358575,897697399,
1742474481,1997776235,1329034097,1582683290,
1567211821,2065759030,965637075,25636412,
849605071,1594113487,348680891,486824142,
1563928157,1673377282,473573923,1855744853,
2047982146,379309205,1893418270,277348337,
1167574449,1666446233,325390167,1119352987,
639814482,2090985855,1278375844,1879656373,
2066574751,401904843,1753695958,1563629315,
1716479367,568707271,1328470776,556634589,
142353972,561932568,1635425083,90980395,
1113159341,634980377,116676339,1192821471,
853979252,623696583,416718489,257063292,
763141024,1218420046,667899701,663067599,
1243631942,1736717311,826583232,1233202406,
877294821,1258360621,100455393,926878214,
646472173,954349958,559111754,1538565266,
586596361,1080034394,482245636,1602501020,
289736590,588507960,1745335768,259768621,
567259857,1445476898,1785935532,312193502,
194696271,306425233,1755077572,1438454723,
1985888330,712427122,1992719817,1037940949,
971687468,1283969650,23529063,183270873,
1497320978,1061001184,230147405,1480717303,
773269826,118764512,1636208778,254284001,
1129747640,262539044,1088093947,348860563,
2014222193,35244662,131929016,1448319187,
1353673049,1282688284,1232643178,1060970092,
252929270,1731567652,1629675326,1005366020,
1291846151,912206704,1069335881,233119959,
144960382,628171342,1675792836,321840149,
1887689736,859666256,803394615,1694394381,
750301505,2024766302,1829434854,1261210341,
180537048,651941951,1047841043,227944340,
1506996550,226528666,671648967,1982805142,
2137011181,425575340,1399189610,1465645892,
1014093253,991763386,280795915,506246859,
1867043048,1913931802,925136221,1712988419,
2057286770,997880953,908869364,1928999498,
827893883,43852294,645526002,1282939002,
1538255603,1547144600,163628149,146714283,
986818356,1079153585,695839670,691797653,
2080201937,733424530,1381233804,713972189,
36557796,1283966886,379161111,1340423065,
1792244284,1797543406,158317739,707397755,
690645907,157882847,1628265625,2082375573,
1355251086,933993899,308284219,1863155357,
1379798146,157701354,538351903,1277251877,
566492308,1903656131,1953903753,48935246,
1808425754,1768309665,1399549174,1223228940,
847019487,1571764680,1798839503,61235165,
14530030,1917912300,844472455,818802310,
228509164,1030159217,304978810,412514780,
1051111168,112327533,2060517782,704455690,
2010622589,1651768872,1110717799,760310007,
824292393,1748008996,662272007,1162911558,
1936974060,456474109,1052842208,167348331,
663241844,372917048,1338064312,1184365300,
1161308102,962393494,219128141,1949082454,
1674906685,1863792494,520036798,777033380,
165851886,868679202,775515335,2070105014,
1899630362,792228321,1850869401,1744881185,
1609780459,1871023767,1222413064,1215186764,
1495259209,1995316534,74133621,1103689757,
1771935325,1998177026,1915921979,328211721,
1584002348,1456653351,434701473,2075995394,
257056323,592032300,949613716,1865171612,
1668363411,428349366,1601991820,2128884456,
1921627098,1648498606,876500106,131888280,
483000163,1766323836,1342644359,1015346935,
1672574814,1705412536,869002309,928378346,
1471560905,821262564,525477868,1778086653,
1665658221,1701470137,221082869,767602338,
805698857,827877495,1598886786,1511645434,
1708328030,1787119195,443253786,1744228288,
1980032781,133280749,2095912477,621837317,
1202912605,2044925507,405329267,1085011472,
1945222182,1667525170,488415131,1322540044,
1694177300,1263844073,209214553,1120975792,
29574619,1909092215,1696117107,641895509,
999688792,353944519,319810071,599246434,
492216734,913213844,1533584854,1932208169,
1728484208,1816220054,369832675,1393356240,
1179735656,1649778794,1181927271,1592256522,
1241207368,1195296282,1865950241,1676513070,
919731023,721178556,1821237621,1688303300,
630858447,957110489,459902653,1795938925,
694966700,1469799781,1677251909,1359088652,
1922198201,1226639429,342736375,1394026329,
776584191,757975736,2005299612,585870707,
307417487,1754853460,1896999316,579906736,
839591040,1871195087,316442654,483482869,
1336950523,23651282,1569779560,185810417,
1547844128,1115344806,920200686,1423698226,
801859244,1588765627,295474957,1203448951,
293881126,1096061518,1959927556,916268220,
2030498756,1830393629,109526187,207396565,
807215459,1722683409,1876029069,1248421521,
91019801,1758107007,435491360,1375733408,
1362440376,330115514,1088528299,2075814100,
1260750973,2128304656,1856957109,1280251091,
1317456757,1174690878,869618086,1741274319,
1108836077,704547472,112790651,1568142245,
478680713,160366276,1271774176,1524858257,
1391987716,245162727,1810743454,1944544554,
960795675,1074738377,1083799132,557452879,
11167373,1224816178,1660512607,1297868198,
2103108137,1044571359,489985854,1646360036,
1371669334,724084060,1074929655,1724751737,
971573761,1753726288,1559996889,1981562274,
99096581,159895430,1839683197,443559254,
1543329494,1839162868,2038494213,836468638,
385164898,1875939863,171027633,778125038,
1699788718,113070725,636501625,927328827,
905673829,947693167,663169492,845958595,
2140339328,527355316,2100397564,46715631,
1742797653,955367074,367429788,359917993,
2044457727,1541131028,2106320999,1420207432,
22550131,1616675403,936612201,2023238517,
1039720332,1890986258,1719754900,1170623538,
235150303,1868871697,670795788,972881934,
1438417988,1337877128,1899994333,922427015,
1214221774,1597117103,1600585857,591403088,
914097328,1628445656,323350782,54673313,
1920912571,275336532,711152552,1451508332,
1650232190,489501826,932884580,983448817,
1297164179,1245613034,846491979,1568612371,
291147300,2078714396,821797483,89006887,
1182972905,1430958366,971173319,655218050,
1022457734,582636594,1828546871,125531463,
1825113753,11342600,350482264,1767984673,
648593218,1396305186,1897835347,36138209,
1093071961,1953641782,806087082,744285579,
1587237114,899096339,168797082,1377902765,
1870502188,279259315,178433737,477711902,
1981291345,1344653239,1182236789,1412031736,
1330638276,1311942871,912953978,1111082064,
2146873093,1526572295,521164585,1699203406,
1934812413,1501411593,452269520,1408611643,
1383853684,1844084120,89280529,1136213954,
1777644782,1809991185,1270204387,239661497,
146937336,1392573378,1020461522,1217532192,
1897744058,1156808423,692176346,1065897825,
1051518090,1052855846,1707519197,1132606208,
756105750,1263031438,618000077,1726336308,
1458685242,784312266,958298510,333644474,
1289360674,1936703146,1768760791,329747069,
26164677,1046118912,1530926217,1022233495,
1641940819,1162903921,487837148,1018757259,
543258233,88915567,108641373,1965413852,
208874950,1072580680,2123428807,393375553,
227683315,432006174,668483907,1147840114,
415206260,162305146,598168203,1164814923,
1540201120,156737390,333422694,576580194,
1596208196,1205423804,907928408,319369427,
1494204761,2077148319,1842933879,1922554075,
735494074,94597969,1331974783,551306022,
1102307098,1915703943,701250570,1475380108,
1212425899,1182566810,124028105,1723005937,
2075806777,147357144,329465246,511530207,
941653828,1666014648,210196680,1071996068,
2000378497,1331923113,4306665,765734406,
1549247920,546040330,1796239488,1897290413,
2098580229,300035351,2070806149,1243830746,
1896945393,466138764,716346231,685959843,
1547713505,342126347,1188082152,1656975624,
1269462187,488554152,706501728,1664803009,
1398714324,1956162638,1302260830,1214339934,
1604313027,1592307702,1711639293,1089078224,
1411807542,1593699513,14339853,1896144259,
2074962736,241422221,1430712635,332090230,
1340846354,190199040,838267675,2076103736,
660017901,265371719,7224870,586434740,
382220600,1099851198,1106814243,52746331,
817667543,1790520814,290908138,1304451072,
43716395,643498826,1935204141,1735636945,
576681506,1889830360,331619186,692677384,
961416627,1121638185,799502303,706074127,
723263661,824420170,181966701,203672036,
1935040570,1527329154,1234987536,297399059,
206059115,601059226,81060582,457466469,
937357706,2048301121,1966926620,292435685,
1342396879,202840543,476718934,420489833,
1208818126,801126540,690156244,1188700278,
1190084038,1811817505,968734253,1930028281,
821845974,1986937812,1351342835,807438903,
1584592502,1429659339,627103058,1767829439,
224958826,1911409617,1166664967,1884762205,
485600145,293881518,1693686359,1771980714,
1734002762,1997304356,538520711,1871649818,
839229628,269505704,1846708990,1638831949,
1146601110,2079926544,337464206,42912281,
1532871443,1534710716,194850041,239461713,
273433967,2121101869,1043883519,1599067104,
52058806,1457765961,920387143,1553155274,
1577470940,322702899,1588860996,1781001986,
236104903,1181642616,2056468649,131641537,
815647497,928001860,327810224,409129229,
1894606782,1133754069,505405055,1160445944,
75244103,1651202224,2078220089,42471375,
1254441564,1327689283,1656651790,1819691708,
1641780653,1064244336,380385130,429725006,
2073625980,1133786692,1705704206,33397528,
1152650470,1018086646,1047722595,1720921790,
430821412,1730182704,404708331,76350187,
1856020017,610853909,118152248,525050786,
1500494393,1268019643,1714334656,1934429085,
1778905319,129171796,1545449127,439357010,
2118812954,1708433399,1083714833,302867776,
96763266,1926887389,513820856,691000908,
1007165928,1040151155,1860715661,503566987,
